{'width': 780, 'height': 580}
autouse fixture edge
Current test language - fr
Current country of trading - au



Current test role - NoReg
Current login - aqa.tomelo.an@gmail.com
Current login - iT9Vgqi6d$fiZ*Z
{'width': 780, 'height': 580}

2023-11-28 17:43:33.198709   worker_id = master

2023-11-28 17:43:33.198725   0. Allure grouping


2023-11-28 17:43:33.198895   START PRECONDITIONS =>

2023-11-28 17:43:34.854181   Load page https://capital.com

2023-11-28 17:43:34.854217   {'width': 780, 'height': 580}

2023-11-28 17:43:34.864369   Set windows position at (320, 180) =>

2023-11-28 17:43:34.966813   Set resolution 1280 * 720 =>

2023-11-28 17:43:35.174515   => Resolution seted {'width': 1280, 'height': 720}

2023-11-28 17:43:40.192841   Капчи нет. Тестим дальше

2023-11-28 17:43:40.192884   Prev. Role: ?

2023-11-28 17:43:40.192894   Run preconditions: set "NoReg" Role =>
2023-11-28 17:43:40.752074   Load page https://capital.com

2023-11-28 17:43:41.043196   => All cookies are deleted
2023-11-28 17:43:41.691592   Load page https://capital.com

2023-11-28 17:43:41.691807   Click button [Accept all cookies]
2023-11-28 17:43:41.691826   Is Visible BUTTON_ACCEPT_ALL_COOKIE? =>
2023-11-28 17:43:45.736385   Find BUTTON_ACCEPT_ALL_COOKIE =>
2023-11-28 17:43:45.744293   => BUTTON_ACCEPT_ALL_COOKIE presented
2023-11-28 17:43:45.744318   Is clickable BUTTON_ACCEPT_ALL_COOKIE? =>
2023-11-28 17:43:45.760953   Click BUTTON_ACCEPT_ALL_COOKIE =>
2023-11-28 17:43:46.823719   => BUTTON_ACCEPT_ALL_COOKIE is clicked
2023-11-28 17:43:46.823760   => Accepted All Cookies

2023-11-28 17:43:46.823819   Current role: NoReg

2023-11-28 17:43:46.823831   Prev language: ?

2023-11-28 17:43:46.823839   Run preconditions: set "fr" language =>


2023-11-28 17:43:46.832658   => Language and Country menu is present


2023-11-28 17:43:46.853915   => Language and Country menu is visible


2023-11-28 17:43:48.680000   => Focus is moved on Language and Country menu 

2023-11-28 17:43:50.358824   => Current language: fr

2023-11-28 17:43:50.358872   Prev country: ?

2023-11-28 17:43:50.358883   Run preconditions: set "au" country =>


2023-11-28 17:43:50.413172   => Language and Country menu is present


2023-11-28 17:43:50.429814   => Language and Country menu is visible


2023-11-28 17:43:52.205349   => Focus is moved on Language and Country menu 

2023-11-28 17:43:55.763966   => Current country: au

2023-11-28 17:43:55.764013   => THE END PRECONDITIONS

2023-11-28 17:43:55.764060   0. Arrange_0
2023-11-28 17:43:56.033097   => Education menu is present
2023-11-28 17:43:56.077186   => Education menu is visible
2023-11-28 17:43:57.852546   => Education menu focus moved


2023-11-28 17:43:59.861719   => Shares trading sub-menu clicked

2023-11-28 17:43:59.923224   1. Arrange_v0
2023-11-28 17:44:00.082552   BUTTON_START_TRADING scroll =>
2023-11-28 17:44:00.087331   BUTTON_START_TRADING is visible? =>
2023-11-28 17:44:00.140254   => BUTTON_START_TRADING is visible on the page!

2023-11-28 17:44:00.140459   2. Act_v0
2023-11-28 17:44:00.140482   Start Click button [Start Trading] =>
2023-11-28 17:44:00.173409   BUTTON_START_TRADING is clickable? =>
2023-11-28 17:44:00.190888   BUTTON_START_TRADING click =>
2023-11-28 17:44:00.254554   => BUTTON_START_TRADING clicked

2023-11-28 17:44:00.254846   3. Assert_v0
2023-11-28 17:44:00.254955   Start step Check that form [Sign up] opened
2023-11-28 17:44:00.577925   'Sign up' form opened
2023-11-28 17:44:00.577964   Assert SIGNUP_HEADER =>
2023-11-28 17:44:00.597699   Assert SIGNUP_REF_LOGIN =>
2023-11-28 17:44:00.628382   Assert SIGNUP_PRIVACY_POLICY_ALL_2 =>
2023-11-28 17:44:00.647328   => SIGNUP_PRIVACY_POLICY_ALL
2023-11-28 17:44:00.647364   => 'Signup' form is checked
2023-11-28 17:44:00.647514   Start step Close [Sign up] form =>
2023-11-28 17:44:00.723205   => 'Signup' form closed
