
2023-11-28 12:45:58.094602   Работает obj <US_11-02-02-01_Shares_trading_test.TestSharesTradingItems object at 0x7f30110b2410> с именем TC_11.02.02.01_01
{'width': 1280, 'height': 599}

2023-11-28 12:45:58.097312   worker_id = master

2023-11-28 12:45:58.097326   0. Allure grouping


2023-11-28 12:45:58.097494   START PRECONDITIONS =>


2023-11-28 12:45:58.097508   {'width': 1280, 'height': 599}

2023-11-28 12:45:58.099337   Set windows position at (320, 180) =>

2023-11-28 12:45:58.202094   Set resolution 1280 * 720 =>

2023-11-28 12:45:58.305086   => Resolution seted {'width': 1280, 'height': 720}

2023-11-28 12:46:02.341431   Капчи нет. Тестим дальше

2023-11-28 12:46:02.341476   Prev. Role: Reg/NoAuth

2023-11-28 12:46:02.341486   Current role: Reg/NoAuth

2023-11-28 12:46:02.341494   Prev language: fr

2023-11-28 12:46:02.341502   => Current language: fr

2023-11-28 12:46:02.341509   Prev country: au

2023-11-28 12:46:02.341517   => Current country: au

2023-11-28 12:46:02.341525   => THE END PRECONDITIONS

2023-11-28 12:46:02.341581   1. Arrange_v0
2023-11-28 12:46:03.429141   Load page https://capital.com/fr/trading-google
2023-11-28 12:46:03.502526   BUTTON_START_TRADING scroll =>
2023-11-28 12:46:04.070914   BUTTON_START_TRADING is visible? =>
2023-11-28 12:46:04.326439   => BUTTON_START_TRADING is visible on the page!

2023-11-28 12:46:04.326618   2. Act_v0
2023-11-28 12:46:04.326633   Start Click button [Start Trading] =>
2023-11-28 12:46:04.339358   BUTTON_START_TRADING is clickable? =>
2023-11-28 12:46:04.363021   BUTTON_START_TRADING click =>
2023-11-28 12:46:04.512534   => BUTTON_START_TRADING clicked

2023-11-28 12:46:04.512749   3. Assert_v0
2023-11-28 12:46:09.070609   'Login' form not opened
2023-11-28 12:46:09.075822   'Login' page not opened
2023-11-28 12:46:12.185937   'Login' form on trading platform not opened
2023-11-28 12:46:12.186153   Start step Check that form [Sign up] opened
2023-11-28 12:46:12.200319   'Sign up' form opened
2023-11-28 12:46:12.200359   Assert SIGNUP_HEADER =>
2023-11-28 12:46:12.241561   Assert SIGNUP_REF_LOGIN =>
2023-11-28 12:46:12.759855   Assert SIGNUP_PRIVACY_POLICY_ALL_2 =>
2023-11-28 12:46:12.783029   => SIGNUP_PRIVACY_POLICY_ALL
2023-11-28 12:46:12.783075   => 'Signup' form is checked
