
2023-11-28 12:43:12.568854   Работает obj <US_11-02-02-01_Shares_trading_test.TestSharesTradingItems object at 0x7f30110d32d0> с именем TC_11.02.02.01_03
{'width': 1280, 'height': 7590}

2023-11-28 12:43:12.570718   worker_id = master

2023-11-28 12:43:12.570731   0. Allure grouping


2023-11-28 12:43:12.570877   START PRECONDITIONS =>


2023-11-28 12:43:12.570890   {'width': 1280, 'height': 7590}

2023-11-28 12:43:12.572173   Set windows position at (320, 180) =>

2023-11-28 12:43:12.674495   Set resolution 1280 * 720 =>

2023-11-28 12:43:12.777429   => Resolution seted {'width': 1280, 'height': 720}

2023-11-28 12:43:16.834845   Капчи нет. Тестим дальше

2023-11-28 12:43:16.834888   Prev. Role: Reg/NoAuth

2023-11-28 12:43:16.834898   Current role: Reg/NoAuth

2023-11-28 12:43:16.834907   Prev language: fr

2023-11-28 12:43:16.834915   => Current language: fr

2023-11-28 12:43:16.834922   Prev country: au

2023-11-28 12:43:16.834930   => Current country: au

2023-11-28 12:43:16.834937   => THE END PRECONDITIONS

2023-11-28 12:43:16.834991   1. Arrange_v0
2023-11-28 12:43:16.838068   BUTTON_SELL_IN_CONTENT_BLOCK is located on the page? =>
2023-11-28 12:43:16.846519   => BUTTON_SELL_IN_CONTENT_BLOCK is located on the page!
2023-11-28 12:43:16.846683   Start Checking that form [Sign up] popped up on the page =>
2023-11-28 12:43:16.858828   'Sign up' form opened
2023-11-28 12:43:16.858960   Start step Close [Sign up] form =>
2023-11-28 12:43:16.930403   => 'Signup' form closed

2023-11-28 12:43:16.930647   2. Act_v0
2023-11-28 12:43:16.992005   BUTTON_SELL_IN_CONTENT_BLOCK is present? =>
2023-11-28 12:43:16.992037   => BUTTON_SELL_IN_CONTENT_BLOCK is present on the page!
2023-11-28 12:43:16.992047   BUTTON_SELL_IN_CONTENT_BLOCK scroll =>
2023-11-28 12:43:17.077582   => BUTTON_SELL_IN_CONTENT_BLOCK clicked!

2023-11-28 12:43:17.083413   3. Assert_v0
2023-11-28 12:43:21.643730   'Login' form not opened
2023-11-28 12:43:21.647922   'Login' page not opened
2023-11-28 12:43:24.726609   'Login' form on trading platform not opened
2023-11-28 12:43:24.726845   Start step Check that form [Sign up] opened
2023-11-28 12:43:24.744203   'Sign up' form opened
2023-11-28 12:43:24.744241   Assert SIGNUP_HEADER =>
2023-11-28 12:43:24.756156   Assert SIGNUP_REF_LOGIN =>
2023-11-28 12:43:24.768110   Assert SIGNUP_PRIVACY_POLICY_ALL_2 =>
2023-11-28 12:43:24.780047   => SIGNUP_PRIVACY_POLICY_ALL
2023-11-28 12:43:24.780083   => 'Signup' form is checked
