
2023-11-28 12:50:05.101191   Работает obj <US_11-02-02-01_Shares_trading_test.TestSharesTradingItems object at 0x7f30110e3d90> с именем TC_11.02.02.01_04
{'width': 1280, 'height': 7469}

2023-11-28 12:50:05.103363   worker_id = master

2023-11-28 12:50:05.103377   0. Allure grouping


2023-11-28 12:50:05.103548   START PRECONDITIONS =>


2023-11-28 12:50:05.103562   {'width': 1280, 'height': 7469}

2023-11-28 12:50:05.104999   Set windows position at (320, 180) =>

2023-11-28 12:50:05.207646   Set resolution 1280 * 720 =>

2023-11-28 12:50:05.310935   => Resolution seted {'width': 1280, 'height': 720}

2023-11-28 12:50:09.352236   Капчи нет. Тестим дальше

2023-11-28 12:50:09.352281   Prev. Role: Reg/NoAuth

2023-11-28 12:50:09.352291   Current role: Reg/NoAuth

2023-11-28 12:50:09.352299   Prev language: fr

2023-11-28 12:50:09.352307   => Current language: fr

2023-11-28 12:50:09.352315   Prev country: au

2023-11-28 12:50:09.352323   => Current country: au

2023-11-28 12:50:09.352331   => THE END PRECONDITIONS

2023-11-28 12:50:09.352384   1. Arrange_v0
2023-11-28 12:50:09.355935   BUTTON_BUY_IN_CONTENT_BLOCK is located on the page? =>
2023-11-28 12:50:09.364577   => BUTTON_BUY_IN_CONTENT_BLOCK is located on the page!
2023-11-28 12:50:09.364743   Start Checking that form [Sign up] popped up on the page =>
2023-11-28 12:50:09.377335   'Sign up' form opened
2023-11-28 12:50:09.377480   Start step Close [Sign up] form =>
2023-11-28 12:50:09.452517   => 'Signup' form closed

2023-11-28 12:50:09.452811   2. Act_v0
2023-11-28 12:50:09.491161   BUTTON_BUY_IN_CONTENT_BLOCK is present? =>
2023-11-28 12:50:09.491201   => BUTTON_BUY_IN_CONTENT_BLOCK is present on the page
2023-11-28 12:50:09.491210   BUTTON_BUY_IN_CONTENT_BLOCK scroll =>
2023-11-28 12:50:09.495407   => BUTTON_BUY_IN_CONTENT_BLOCK scrolled
2023-11-28 12:50:09.495437   BUTTON_BUY_IN_CONTENT_BLOCK is clickable? =>
2023-11-28 12:50:09.508567   BUTTON_BUY_IN_CONTENT_BLOCK CLICK =>
2023-11-28 12:50:09.568691   => BUTTON_BUY_IN_CONTENT_BLOCK clicked!

2023-11-28 12:50:09.582514   3. Assert_v0
2023-11-28 12:50:14.115780   'Login' form not opened
2023-11-28 12:50:14.120521   'Login' page not opened
2023-11-28 12:50:17.203558   'Login' form on trading platform not opened
2023-11-28 12:50:17.203770   Start step Check that form [Sign up] opened
2023-11-28 12:50:17.217318   'Sign up' form opened
2023-11-28 12:50:17.217354   Assert SIGNUP_HEADER =>
2023-11-28 12:50:17.229728   Assert SIGNUP_REF_LOGIN =>
2023-11-28 12:50:17.242308   Assert SIGNUP_PRIVACY_POLICY_ALL_2 =>
2023-11-28 12:50:17.254694   => SIGNUP_PRIVACY_POLICY_ALL
2023-11-28 12:50:17.254730   => 'Signup' form is checked
