{'width': 1004, 'height': 708}
autouse fixture edge
Current test language - it
Current country of trading - gb



Current test role - NoReg
Current login - aqa.tomelo.an@gmail.com
Current login - iT9Vgqi6d$fiZ*Z

2023-12-02 10:33:30.976968   Работает obj <US_11-02-02-01_Shares_trading_test.TestSharesTradingItems object at 0x0000017367EE2A50> с именем TC_11.02.02.01_01
{'width': 1004, 'height': 708}

2023-12-02 10:33:30.978792   worker_id = master

2023-12-02 10:33:30.978792   0. Allure grouping


2023-12-02 10:33:30.978792   START PRECONDITIONS =>

2023-12-02 10:33:32.420512   Load page https://capital.com

2023-12-02 10:33:32.420512   {'width': 1004, 'height': 708}

2023-12-02 10:33:32.462059   Set windows position at (320, 180) =>

2023-12-02 10:33:32.573673   Set resolution 1280 * 720 =>

2023-12-02 10:33:32.871965   => Resolution seted {'width': 1280, 'height': 720}

2023-12-02 10:33:37.885191   Капчи нет. Тестим дальше

2023-12-02 10:33:37.885191   Prev. Role: ?

2023-12-02 10:33:37.885191   Run preconditions: set "NoReg" Role =>
2023-12-02 10:33:38.369725   Load page https://capital.com

2023-12-02 10:33:39.005175   => All cookies are deleted
2023-12-02 10:33:39.552220   Load page https://capital.com

2023-12-02 10:33:39.553214   Click button [Accept all cookies]
2023-12-02 10:33:39.553214   Is Visible BUTTON_ACCEPT_ALL_COOKIE? =>
2023-12-02 10:33:43.620598   Find BUTTON_ACCEPT_ALL_COOKIE =>
2023-12-02 10:33:43.629045   => BUTTON_ACCEPT_ALL_COOKIE presented
2023-12-02 10:33:43.629045   Is clickable BUTTON_ACCEPT_ALL_COOKIE? =>
2023-12-02 10:33:43.648533   Click BUTTON_ACCEPT_ALL_COOKIE =>
2023-12-02 10:33:44.706569   => BUTTON_ACCEPT_ALL_COOKIE is clicked
2023-12-02 10:33:44.706569   => Accepted All Cookies

2023-12-02 10:33:44.707575   Current role: NoReg

2023-12-02 10:33:44.707575   Prev language: ?

2023-12-02 10:33:44.707575   Run preconditions: set "it" language =>


2023-12-02 10:33:44.717580   => Language and Country menu is present


2023-12-02 10:33:44.736741   => Language and Country menu is visible


2023-12-02 10:33:46.513982   => Focus is moved on Language and Country menu 

2023-12-02 10:33:48.151034   => Current language: it

2023-12-02 10:33:48.151034   Prev country: ?

2023-12-02 10:33:48.151034   Run preconditions: set "gb" country =>


2023-12-02 10:33:48.204272   => Language and Country menu is present


2023-12-02 10:33:48.229263   => Language and Country menu is visible


2023-12-02 10:33:50.017601   => Focus is moved on Language and Country menu 

2023-12-02 10:33:53.992200   => Current country: gb

2023-12-02 10:33:53.992200   => THE END PRECONDITIONS

2023-12-02 10:33:53.992200   1. Arrange_v0
2023-12-02 10:33:54.714882   Load page https://capital.com/it/trade-facebook
2023-12-02 10:33:54.858673   BUTTON_START_TRADING scroll =>
2023-12-02 10:33:54.864673   BUTTON_START_TRADING is visible? =>
2023-12-02 10:33:54.895672   => BUTTON_START_TRADING is visible on the page!

2023-12-02 10:33:54.896678   2. Act_v0
2023-12-02 10:33:54.896678   Start Click button [Start Trading] =>
2023-12-02 10:33:54.911593   BUTTON_START_TRADING is clickable? =>
2023-12-02 10:33:54.926298   BUTTON_START_TRADING click =>
2023-12-02 10:33:54.984576   => BUTTON_START_TRADING clicked

2023-12-02 10:33:54.984576   3. Assert_v0
2023-12-02 10:33:54.984576   Start step Check that form [Sign up] opened
2023-12-02 10:33:55.291290   'Sign up' form opened
2023-12-02 10:33:55.291290   Assert SIGNUP_HEADER =>
2023-12-02 10:33:55.330587   Assert SIGNUP_REF_LOGIN =>
2023-12-02 10:33:55.386620   Assert SIGNUP_PRIVACY_POLICY_ALL_2 =>
2023-12-02 10:33:55.428393   => SIGNUP_PRIVACY_POLICY_ALL
2023-12-02 10:33:55.428393   => 'Signup' form is checked
2023-12-02 10:33:55.429394   Start step Close [Sign up] form =>
2023-12-02 10:33:55.578519   => 'Signup' form closed
