
2023-12-02 11:34:36.538893   Работает obj <US_11-02-02-01_Shares_trading_test.TestSharesTradingItems object at 0x000001736809FD90> с именем TC_11.02.02.01_07
{'width': 1280, 'height': 720}

2023-12-02 11:34:36.541894   worker_id = master

2023-12-02 11:34:36.541894   0. Allure grouping


2023-12-02 11:34:36.541894   START PRECONDITIONS =>


2023-12-02 11:34:36.541894   {'width': 1280, 'height': 720}

2023-12-02 11:34:36.543890   Set windows position at (320, 180) =>

2023-12-02 11:34:36.660549   Set resolution 1280 * 720 =>

2023-12-02 11:34:36.764544   => Resolution seted {'width': 1280, 'height': 720}

2023-12-02 11:34:41.811285   Капчи нет. Тестим дальше

2023-12-02 11:34:41.811285   Prev. Role: NoReg

2023-12-02 11:34:41.811285   Current role: NoReg

2023-12-02 11:34:41.811285   Prev language: it

2023-12-02 11:34:41.811285   => Current language: it

2023-12-02 11:34:41.811285   Prev country: ae

2023-12-02 11:34:41.811285   => Current country: ae

2023-12-02 11:34:41.811285   => THE END PRECONDITIONS

2023-12-02 11:34:41.811285   1. Arrange_v0

2023-12-02 11:34:41.825785   2. Act_v0
2023-12-02 11:34:41.825785   BUTTON_GET_STARTED_ON_STICKY_BAR is present? =>
2023-12-02 11:34:41.830780   => BUTTON_GET_STARTED_ON_STICKY_BAR is present on the page!
2023-12-02 11:34:41.830780   BUTTON_GET_STARTED_ON_STICKY_BAR scroll =>
2023-12-02 11:34:41.924789   => BUTTON_GET_STARTED_ON_STICKY_BAR clicked!

2023-12-02 11:34:41.925790   3. Assert_v0
2023-12-02 11:34:41.925790   Start step Check that form [Sign up] opened
2023-12-02 11:34:41.945163   'Sign up' form opened
2023-12-02 11:34:41.945163   Assert SIGNUP_HEADER =>
2023-12-02 11:34:41.960413   Assert SIGNUP_REF_LOGIN =>
2023-12-02 11:34:41.974490   Assert SIGNUP_PRIVACY_POLICY_ALL_2 =>
2023-12-02 11:34:41.991166   => SIGNUP_PRIVACY_POLICY_ALL
2023-12-02 11:34:41.991166   => 'Signup' form is checked
2023-12-02 11:34:41.992174   Start step Close [Sign up] form =>
2023-12-02 11:34:42.084007   => 'Signup' form closed
