
2023-12-03 19:43:25.228736   Работает obj <US_11-02-02_Shares_trading_test.TestSharesTrading object at 0x00000213CB9EA250> с именем TC_11.02.02_02
{'width': 1280, 'height': 720}

2023-12-03 19:43:25.231327   worker_id = master

2023-12-03 19:43:25.231327   0. Allure grouping


2023-12-03 19:43:25.231327   START PRECONDITIONS =>


2023-12-03 19:43:25.231327   {'width': 1280, 'height': 720}

2023-12-03 19:43:25.234324   Set windows position at (320, 180) =>

2023-12-03 19:43:25.337932   Set resolution 1280 * 720 =>

2023-12-03 19:43:25.441699   => Resolution seted {'width': 1280, 'height': 720}

2023-12-03 19:43:30.479543   Капчи нет. Тестим дальше

2023-12-03 19:43:30.479543   Prev. Role: NoReg

2023-12-03 19:43:30.479543   Current role: NoReg

2023-12-03 19:43:30.479543   Prev language: ar

2023-12-03 19:43:30.479543   => Current language: ar

2023-12-03 19:43:30.479543   Prev country: ae

2023-12-03 19:43:30.479543   => Current country: ae

2023-12-03 19:43:30.479543   => THE END PRECONDITIONS

2023-12-03 19:43:30.479543   0. Arrange_0
2023-12-03 19:43:31.052216   Load page https://capital.com/ar
2023-12-03 19:43:31.146723   => Education menu is present
2023-12-03 19:43:31.458699   => Education menu is visible
2023-12-03 19:43:33.230955   => Education menu focus moved


2023-12-03 19:43:34.722700   => Shares trading sub-menu clicked

2023-12-03 19:43:34.933166   1. Arrange_v0
2023-12-03 19:43:35.034897   BUTTON_TRY_DEMO is visible? =>
2023-12-03 19:43:35.059249   => BUTTON_TRY_DEMO is visible on the page!

2023-12-03 19:43:35.059249   2. Act_v0
2023-12-03 19:43:35.059249   BUTTON_TRY_DEMO is present? =>
2023-12-03 19:43:35.070723   => BUTTON_TRY_DEMO is present on the page!
2023-12-03 19:43:35.070723   BUTTON_TRY_DEMO scroll =>
2023-12-03 19:43:35.172766   => BUTTON_TRY_DEMO clicked!

2023-12-03 19:43:35.172766   3. Assert_v0
2023-12-03 19:43:35.172766   Start step Check that form [Sign up] opened
2023-12-03 19:43:35.441074   'Sign up' form opened
2023-12-03 19:43:35.442086   Assert SIGNUP_HEADER =>
2023-12-03 19:43:35.456741   Assert SIGNUP_REF_LOGIN =>
2023-12-03 19:43:35.475443   Assert SIGNUP_PRIVACY_POLICY_ALL_2 =>
2023-12-03 19:43:35.491750   => SIGNUP_PRIVACY_POLICY_ALL
2023-12-03 19:43:35.491750   => 'Signup' form is checked
2023-12-03 19:43:35.491750   Start step Close [Sign up] form =>
2023-12-03 19:43:35.604456   => 'Signup' form closed
