
2023-12-03 19:46:08.673286   Работает obj <US_11-02-02_Shares_trading_test.TestSharesTrading object at 0x00000213CBA2AA90> с именем TC_11.02.02_06
{'width': 1216, 'height': 14268}

2023-12-03 19:46:08.675279   worker_id = master

2023-12-03 19:46:08.675279   0. Allure grouping


2023-12-03 19:46:08.676286   START PRECONDITIONS =>


2023-12-03 19:46:08.676286   {'width': 1216, 'height': 14268}

2023-12-03 19:46:08.678275   Set windows position at (320, 180) =>

2023-12-03 19:46:08.781626   Set resolution 1280 * 720 =>

2023-12-03 19:46:08.892557   => Resolution seted {'width': 1280, 'height': 720}

2023-12-03 19:46:13.916954   Капчи нет. Тестим дальше

2023-12-03 19:46:13.916954   Prev. Role: Reg/NoAuth

2023-12-03 19:46:13.916954   Current role: Reg/NoAuth

2023-12-03 19:46:13.916954   Prev language: ar

2023-12-03 19:46:13.916954   => Current language: ar

2023-12-03 19:46:13.916954   Prev country: au

2023-12-03 19:46:13.916954   => Current country: au

2023-12-03 19:46:13.916954   => THE END PRECONDITIONS

2023-12-03 19:46:13.916954   0. Arrange_0
2023-12-03 19:46:14.628375   Load page https://capital.com/ar
2023-12-03 19:46:14.708539   => Education menu is present
2023-12-03 19:46:15.043849   => Education menu is visible
2023-12-03 19:46:16.830457   => Education menu focus moved


2023-12-03 19:46:18.355625   => Shares trading sub-menu clicked

2023-12-03 19:46:18.604684   Clear Top Chart list =>
2023-12-03 19:46:20.197001   Load page https://capital.com/trading/platform/charting/

2023-12-03 19:46:30.296796   1. Arrange_v4
2023-12-03 19:46:31.026223   Load page https://capital.com/ar/trade-stocks
2023-12-03 19:46:31.026223   MOST_TRADED is visible? =>
2023-12-03 19:46:31.301395   => MOST_TRADED is visible on the page!
2023-12-03 19:46:31.301395   => Found 5 elements in block MOST_TRADED

2023-12-03 19:46:31.301395   Testing Most traded random element #1

2023-12-03 19:46:31.301395   2. Act_v4
2023-12-03 19:46:31.301395   MOST_TRADED delete js-mostTraded class =>
2023-12-03 19:46:31.432309   MOST_TRADED scroll =>
2023-12-03 19:46:31.462869   MOST_TRADED click for 'Amazon.com Inc' trading instrument =>
2023-12-03 19:46:31.596784   => MOST_TRADED clicked!

2023-12-03 19:46:31.596784   3. Assert_v0
2023-12-03 19:46:31.843630   'Login' form opened
2023-12-03 19:46:31.843630   Assert LOGIN_REF_SIGNUP =>
2023-12-03 19:46:31.910883   Assert LOGIN_CHECKBOX =>
2023-12-03 19:46:32.007234   Assert LOGIN_PASS_FORGOT =>
2023-12-03 19:46:32.028164   => 'Login' form is checked
2023-12-03 19:46:32.062474   Click 'Close' button on 'Login' form =>
2023-12-03 19:46:32.127884   => 'Login' form closed

2023-12-03 19:46:32.127884   Clear Top Chart list =>
2023-12-03 19:46:33.406248   Load page https://capital.com/trading/platform/charting/

2023-12-03 19:46:43.480513   1. Arrange_v4
2023-12-03 19:46:44.217007   Load page https://capital.com/ar/trade-stocks
2023-12-03 19:46:44.217007   MOST_TRADED is visible? =>
2023-12-03 19:46:44.541883   => MOST_TRADED is visible on the page!
2023-12-03 19:46:44.541883   => Found 5 elements in block MOST_TRADED

2023-12-03 19:46:44.541883   Testing Most traded random element #2

2023-12-03 19:46:44.541883   2. Act_v4
2023-12-03 19:46:44.541883   MOST_TRADED delete js-mostTraded class =>
2023-12-03 19:46:44.644046   MOST_TRADED scroll =>
2023-12-03 19:46:44.650059   MOST_TRADED click for 'GameStop Corp' trading instrument =>
2023-12-03 19:46:44.857012   => MOST_TRADED clicked!

2023-12-03 19:46:44.857012   3. Assert_v0
2023-12-03 19:46:45.027650   'Login' form opened
2023-12-03 19:46:45.027650   Assert LOGIN_REF_SIGNUP =>
2023-12-03 19:46:45.076987   Assert LOGIN_CHECKBOX =>
2023-12-03 19:46:45.185620   Assert LOGIN_PASS_FORGOT =>
2023-12-03 19:46:45.210497   => 'Login' form is checked
2023-12-03 19:46:45.239476   Click 'Close' button on 'Login' form =>
2023-12-03 19:46:45.295347   => 'Login' form closed
