
2023-12-02 20:34:38.871608   Работает obj <US_11-02-02-01_Shares_trading_test.TestSharesTradingItems object at 0x000001E70A904D50> с именем TC_11.02.02.01_02
{'width': 1280, 'height': 720}

2023-12-02 20:34:38.875606   worker_id = master

2023-12-02 20:34:38.875606   0. Allure grouping


2023-12-02 20:34:38.876606   START PRECONDITIONS =>


2023-12-02 20:34:38.876606   {'width': 1280, 'height': 720}

2023-12-02 20:34:38.878614   Set windows position at (320, 180) =>

2023-12-02 20:34:38.991143   Set resolution 1280 * 720 =>

2023-12-02 20:34:39.094898   => Resolution seted {'width': 1280, 'height': 720}

2023-12-02 20:34:44.142574   Капчи нет. Тестим дальше

2023-12-02 20:34:44.142574   Prev. Role: NoReg

2023-12-02 20:34:44.142574   Current role: NoReg

2023-12-02 20:34:44.142574   Prev language: it

2023-12-02 20:34:44.142574   => Current language: it

2023-12-02 20:34:44.142574   Prev country: au

2023-12-02 20:34:44.142574   => Current country: au

2023-12-02 20:34:44.142574   => THE END PRECONDITIONS

2023-12-02 20:34:44.142574   1. Arrange_v0
2023-12-02 20:34:44.147575   BUTTON_TRY_DEMO is visible? =>
2023-12-02 20:34:44.165271   => BUTTON_TRY_DEMO is visible on the page!

2023-12-02 20:34:44.165271   2. Act_v0
2023-12-02 20:34:44.165271   BUTTON_TRY_DEMO is present? =>
2023-12-02 20:34:44.177445   => BUTTON_TRY_DEMO is present on the page!
2023-12-02 20:34:44.177445   BUTTON_TRY_DEMO scroll =>
2023-12-02 20:34:44.258917   => BUTTON_TRY_DEMO clicked!

2023-12-02 20:34:44.258917   3. Assert_v0
2023-12-02 20:34:44.258917   Start step Check that form [Sign up] opened
2023-12-02 20:34:44.280398   'Sign up' form opened
2023-12-02 20:34:44.280398   Assert SIGNUP_HEADER =>
2023-12-02 20:34:44.296737   Assert SIGNUP_REF_LOGIN =>
2023-12-02 20:34:44.314939   Assert SIGNUP_PRIVACY_POLICY_ALL_2 =>
2023-12-02 20:34:44.332345   => SIGNUP_PRIVACY_POLICY_ALL
2023-12-02 20:34:44.332345   => 'Signup' form is checked
2023-12-02 20:34:44.333349   Start step Close [Sign up] form =>
2023-12-02 20:34:44.434517   => 'Signup' form closed
