
2023-12-11 14:09:50.610295   Работает obj <US_11-02-02-01_Shares_trading_test.TestSharesTradingItems object at 0x0000023F8C14A710> с именем TC_11.02.02.01_04
{'width': 1280, 'height': 720}

2023-12-11 14:09:50.614286   worker_id = master

2023-12-11 14:09:50.614286   0. Allure grouping


2023-12-11 14:09:50.614286   START PRECONDITIONS =>


2023-12-11 14:09:50.614286   {'width': 1280, 'height': 720}

2023-12-11 14:09:50.618285   Set windows position at (320, 180) =>

2023-12-11 14:09:50.723724   Set resolution 1280 * 720 =>

2023-12-11 14:09:50.844577   => Resolution seted {'width': 1280, 'height': 720}

2023-12-11 14:09:54.856572   Капчи нет. Тестим дальше

2023-12-11 14:09:54.856572   Prev. Role: Reg/NoAuth

2023-12-11 14:09:54.856572   Current role: Reg/NoAuth

2023-12-11 14:09:54.856572   Prev language: de

2023-12-11 14:09:54.856572   => Current language: de

2023-12-11 14:09:54.856572   Prev country: au

2023-12-11 14:09:54.856572   => Current country: au

2023-12-11 14:09:54.856572   => THE END PRECONDITIONS

2023-12-11 14:09:54.856572   1. Arrange_v0
2023-12-11 14:09:54.865579   BUTTON_BUY_IN_CONTENT_BLOCK is located on the page? =>
2023-12-11 14:09:54.877991   => BUTTON_BUY_IN_CONTENT_BLOCK is located on the page!
2023-12-11 14:09:54.878998   Start Checking that form [Sign up] popped up on the page =>
2023-12-11 14:09:54.903605   'Sign up' form opened
2023-12-11 14:09:54.903605   Start step Close [Sign up] form =>
2023-12-11 14:09:55.081092   => 'Signup' form closed

2023-12-11 14:09:55.082091   2. Act_v0
2023-12-11 14:09:55.094599   BUTTON_BUY_IN_CONTENT_BLOCK is present? =>
2023-12-11 14:09:55.094599   => BUTTON_BUY_IN_CONTENT_BLOCK is present on the page
2023-12-11 14:09:55.094599   BUTTON_BUY_IN_CONTENT_BLOCK scroll =>
2023-12-11 14:09:55.106056   => BUTTON_BUY_IN_CONTENT_BLOCK scrolled
2023-12-11 14:09:55.146904   BUTTON_BUY_IN_CONTENT_BLOCK is clickable? =>
2023-12-11 14:09:55.383584   BUTTON_BUY_IN_CONTENT_BLOCK CLICK =>
2023-12-11 14:09:55.601622   => BUTTON_BUY_IN_CONTENT_BLOCK clicked!

2023-12-11 14:09:55.601622   3. Assert_Login_v0
2023-12-11 14:10:00.150118   'Login' form not opened
2023-12-11 14:10:00.161524   'Login' page not opened
2023-12-11 14:10:09.237711   'Login' form on trading platform not opened
2023-12-11 14:10:09.238766   Start step Check that [Sign up] form is opened
2023-12-11 14:10:09.264119   'Sign up' form opened
2023-12-11 14:10:09.264119   Assert SIGNUP_HEADER =>
2023-12-11 14:10:09.307172   Assert SIGNUP_REF_LOGIN =>
2023-12-11 14:10:09.329505   Assert SIGNUP_PRIVACY_POLICY_ALL_2 =>
2023-12-11 14:10:09.354442   => SIGNUP_PRIVACY_POLICY_ALL
2023-12-11 14:10:09.354442   => 'Signup' form is checked
