
2023-12-11 12:31:30.874466   Работает obj <US_11-02-02-01_Shares_trading_test.TestSharesTradingItems object at 0x0000023F8C10F3D0> с именем TC_11.02.02.01_02
{'width': 1280, 'height': 720}

2023-12-11 12:31:30.876459   worker_id = master

2023-12-11 12:31:30.876459   0. Allure grouping


2023-12-11 12:31:30.876459   START PRECONDITIONS =>


2023-12-11 12:31:30.876459   {'width': 1280, 'height': 720}

2023-12-11 12:31:30.884545   Set windows position at (320, 180) =>

2023-12-11 12:31:30.988004   Set resolution 1280 * 720 =>

2023-12-11 12:31:31.092327   => Resolution seted {'width': 1280, 'height': 720}

2023-12-11 12:31:35.141313   Капчи нет. Тестим дальше

2023-12-11 12:31:35.141313   Prev. Role: NoReg

2023-12-11 12:31:35.141313   Current role: NoReg

2023-12-11 12:31:35.141313   Prev language: de

2023-12-11 12:31:35.141313   => Current language: de

2023-12-11 12:31:35.141313   Prev country: gb

2023-12-11 12:31:35.141313   => Current country: gb

2023-12-11 12:31:35.141313   => THE END PRECONDITIONS

2023-12-11 12:31:35.141313   1. Arrange_v0
2023-12-11 12:31:35.145795   BUTTON_TRY_DEMO is visible? =>
2023-12-11 12:31:35.163065   => BUTTON_TRY_DEMO is visible on the page!

2023-12-11 12:31:35.163065   2. Act_v0
2023-12-11 12:31:35.163065   BUTTON_TRY_DEMO is present? =>
2023-12-11 12:31:35.171679   => BUTTON_TRY_DEMO is present on the page!
2023-12-11 12:31:35.171679   BUTTON_TRY_DEMO scroll =>
2023-12-11 12:31:35.235503   => BUTTON_TRY_DEMO clicked!

2023-12-11 12:31:35.235503   3. Assert_v0
2023-12-11 12:31:35.235503   Start step Check that [Sign up] form is opened
2023-12-11 12:31:35.251989   'Sign up' form opened
2023-12-11 12:31:35.251989   Assert SIGNUP_HEADER =>
2023-12-11 12:31:35.268475   Assert SIGNUP_REF_LOGIN =>
2023-12-11 12:31:35.296234   Assert SIGNUP_PRIVACY_POLICY_ALL_2 =>
2023-12-11 12:31:35.313410   => SIGNUP_PRIVACY_POLICY_ALL
2023-12-11 12:31:35.313410   => 'Signup' form is checked
2023-12-11 12:31:35.314414   Start step Close [Sign up] form =>
2023-12-11 12:31:35.381911   => 'Signup' form closed
