
2023-12-11 14:52:59.461916   Работает obj <US_11-02-02-01_Shares_trading_test.TestSharesTradingItems object at 0x0000023F8C15C2D0> с именем TC_11.02.02.01_04
{'width': 1280, 'height': 720}

2023-12-11 14:52:59.468601   worker_id = master

2023-12-11 14:52:59.468601   0. Allure grouping


2023-12-11 14:52:59.468601   START PRECONDITIONS =>


2023-12-11 14:52:59.468601   {'width': 1280, 'height': 720}

2023-12-11 14:52:59.471596   Set windows position at (320, 180) =>

2023-12-11 14:52:59.576301   Set resolution 1280 * 720 =>

2023-12-11 14:52:59.683993   => Resolution seted {'width': 1280, 'height': 720}

2023-12-11 14:53:03.745225   Капчи нет. Тестим дальше

2023-12-11 14:53:03.745225   Prev. Role: NoReg

2023-12-11 14:53:03.745225   Current role: NoReg

2023-12-11 14:53:03.745225   Prev language: de

2023-12-11 14:53:03.745225   => Current language: de

2023-12-11 14:53:03.745225   Prev country: au

2023-12-11 14:53:03.745225   => Current country: au

2023-12-11 14:53:03.745225   => THE END PRECONDITIONS

2023-12-11 14:53:03.745225   1. Arrange_v0
2023-12-11 14:53:03.755227   BUTTON_BUY_IN_CONTENT_BLOCK is located on the page? =>
2023-12-11 14:53:03.791870   => BUTTON_BUY_IN_CONTENT_BLOCK is located on the page!
2023-12-11 14:53:03.791870   Start Checking that form [Sign up] popped up on the page =>
2023-12-11 14:53:08.355915   '[Sign up]' form was not popped up

2023-12-11 14:53:08.355915   2. Act_v0
2023-12-11 14:53:08.388152   BUTTON_BUY_IN_CONTENT_BLOCK is present? =>
2023-12-11 14:53:08.388152   => BUTTON_BUY_IN_CONTENT_BLOCK is present on the page
2023-12-11 14:53:08.388152   BUTTON_BUY_IN_CONTENT_BLOCK scroll =>
2023-12-11 14:53:08.421984   => BUTTON_BUY_IN_CONTENT_BLOCK scrolled
2023-12-11 14:53:08.456733   BUTTON_BUY_IN_CONTENT_BLOCK is clickable? =>
2023-12-11 14:53:08.555948   BUTTON_BUY_IN_CONTENT_BLOCK CLICK =>
2023-12-11 14:53:08.961575   => BUTTON_BUY_IN_CONTENT_BLOCK clicked!

2023-12-11 14:53:08.962585   3. Assert_v0
2023-12-11 14:53:08.962585   Start step Check that [Sign up] form is opened
2023-12-11 14:53:09.051316   'Sign up' form opened
2023-12-11 14:53:09.052316   Assert SIGNUP_HEADER =>
2023-12-11 14:53:09.088328   Assert SIGNUP_REF_LOGIN =>
2023-12-11 14:53:09.114970   Assert SIGNUP_PRIVACY_POLICY_ALL_2 =>
2023-12-11 14:53:09.158518   => SIGNUP_PRIVACY_POLICY_ALL
2023-12-11 14:53:09.159605   => 'Signup' form is checked
2023-12-11 14:53:09.159716   Start step Close [Sign up] form =>
2023-12-11 14:53:09.418876   => 'Signup' form closed
