
2023-12-08 14:28:31.488403   Работает obj <US_11-02-02-01_Shares_trading_test.TestSharesTradingItems object at 0x00000206FAE24590> с именем TC_11.02.02.01_01
{'width': 1264, 'height': 582}

2023-12-08 14:28:31.490407   worker_id = master

2023-12-08 14:28:31.490407   0. Allure grouping

2023-12-08 14:28:31.490407   0. Arrange_0
2023-12-08 14:28:32.275348   Load page https://capital.com


2023-12-08 14:28:32.275348   START PRECONDITIONS =>


2023-12-08 14:28:32.275348   {'width': 1264, 'height': 582}

2023-12-08 14:28:32.278345   Set windows position at (320, 180) =>

2023-12-08 14:28:32.403945   Set resolution 1280 * 720 =>

2023-12-08 14:28:32.693443   => Resolution seted {'width': 1280, 'height': 720}

2023-12-08 14:28:36.737026   Капчи нет. Тестим дальше

2023-12-08 14:28:36.737026   Prev. Role: Auth

2023-12-08 14:28:36.737026   Current role: Auth

2023-12-08 14:28:36.737026   Prev language: en

2023-12-08 14:28:36.737026   => Current language: en

2023-12-08 14:28:36.737026   Prev country: au

2023-12-08 14:28:36.737026   => Current country: au

2023-12-08 14:28:36.737026   => THE END PRECONDITIONS

2023-12-08 14:28:36.738026   1. Arrange_v0
2023-12-08 14:28:37.588409   Load page https://capital.com/trade-moderna
2023-12-08 14:28:37.601205   BUTTON_START_TRADING scroll =>
2023-12-08 14:28:37.618209   BUTTON_START_TRADING is visible? =>
2023-12-08 14:28:37.928075   => BUTTON_START_TRADING is visible on the page!

2023-12-08 14:28:37.928075   2. Act_v0
2023-12-08 14:28:37.928075   Start Click button [Start Trading] =>
2023-12-08 14:28:37.939532   BUTTON_START_TRADING is clickable? =>
2023-12-08 14:28:37.994738   BUTTON_START_TRADING click =>
2023-12-08 14:28:38.556060   => BUTTON_START_TRADING clicked

2023-12-08 14:28:38.556060   3. Assert_v4
2023-12-08 14:28:38.556060   Checking that the trading platform page has opened (v4) =>
2023-12-08 14:28:39.100741   => Current page title: Trading Platform | Capital.com
2023-12-08 14:28:39.100741   Checking that the Trading platform LOGO is present on the page =>
2023-12-08 14:28:39.809054   Checking that the Trading platform opened in LIVE mode =>
