
2023-12-06 20:22:25.629616   Работает obj <US_11-02-02-01_Shares_trading_test.TestSharesTradingItems object at 0x000002271A34B6D0> с именем TC_11.02.02.01_06
{'width': 1280, 'height': 720}

2023-12-06 20:22:25.632019   worker_id = master

2023-12-06 20:22:25.632019   0. Allure grouping


2023-12-06 20:22:25.632019   START PRECONDITIONS =>


2023-12-06 20:22:25.632019   {'width': 1280, 'height': 720}

2023-12-06 20:22:25.634020   Set windows position at (320, 180) =>

2023-12-06 20:22:25.736756   Set resolution 1280 * 720 =>

2023-12-06 20:22:25.841072   => Resolution seted {'width': 1280, 'height': 720}

2023-12-06 20:22:29.871558   Капчи нет. Тестим дальше

2023-12-06 20:22:29.871558   Prev. Role: Reg/NoAuth

2023-12-06 20:22:29.871558   Current role: Reg/NoAuth

2023-12-06 20:22:29.871558   Prev language: en

2023-12-06 20:22:29.871558   => Current language: en

2023-12-06 20:22:29.871558   Prev country: de

2023-12-06 20:22:29.871558   => Current country: de

2023-12-06 20:22:29.871558   => THE END PRECONDITIONS

2023-12-06 20:22:29.871558   Clear Top Chart list =>
2023-12-06 20:22:31.341968   Load page https://capital.com/trading/platform/charting/

2023-12-06 20:22:39.419743   1. Arrange_v4
2023-12-06 20:22:40.046990   Load page https://capital.com/trade-sainsburys
2023-12-06 20:22:40.046990   MOST_TRADED is visible? =>
2023-12-06 20:22:40.112844   => MOST_TRADED is visible on the page!
2023-12-06 20:22:40.112844   => Found 5 elements in block MOST_TRADED

2023-12-06 20:22:40.112844   Testing Most traded random element #1

2023-12-06 20:22:40.113847   2. Act_v4
2023-12-06 20:22:40.113847   MOST_TRADED delete js-mostTraded class =>
2023-12-06 20:22:40.319466   MOST_TRADED scroll =>
2023-12-06 20:22:40.324471   MOST_TRADED click for 'GameStop Corp' trading instrument =>
2023-12-06 20:22:40.536027   => MOST_TRADED clicked!

2023-12-06 20:22:40.536027   3. Assert_v0
2023-12-06 20:22:40.764899   'Login' form opened
2023-12-06 20:22:40.764899   Assert LOGIN_REF_SIGNUP =>
2023-12-06 20:22:40.798804   Assert LOGIN_CHECKBOX =>
2023-12-06 20:22:40.820727   Assert LOGIN_PASS_FORGOT =>
2023-12-06 20:22:40.847907   => 'Login' form is checked
2023-12-06 20:22:40.897514   Click 'Close' button on 'Login' form =>
2023-12-06 20:22:40.978963   => 'Login' form closed

2023-12-06 20:22:40.978963   Clear Top Chart list =>
2023-12-06 20:22:42.189796   Load page https://capital.com/trading/platform/charting/

2023-12-06 20:22:50.300970   1. Arrange_v4
2023-12-06 20:22:50.958520   Load page https://capital.com/trade-sainsburys
2023-12-06 20:22:50.959525   MOST_TRADED is visible? =>
2023-12-06 20:22:51.033358   => MOST_TRADED is visible on the page!
2023-12-06 20:22:51.034357   => Found 5 elements in block MOST_TRADED

2023-12-06 20:22:51.034357   Testing Most traded random element #2

2023-12-06 20:22:51.034357   2. Act_v4
2023-12-06 20:22:51.034357   MOST_TRADED delete js-mostTraded class =>
2023-12-06 20:22:51.312842   MOST_TRADED scroll =>
2023-12-06 20:22:51.317858   MOST_TRADED click for 'Tesla Inc' trading instrument =>
2023-12-06 20:22:51.468162   => MOST_TRADED clicked!

2023-12-06 20:22:51.469334   3. Assert_v0
2023-12-06 20:22:51.716028   'Login' form opened
2023-12-06 20:22:51.716028   Assert LOGIN_REF_SIGNUP =>
2023-12-06 20:22:51.744895   Assert LOGIN_CHECKBOX =>
2023-12-06 20:22:51.765705   Assert LOGIN_PASS_FORGOT =>
2023-12-06 20:22:51.784455   => 'Login' form is checked
2023-12-06 20:22:51.831234   Click 'Close' button on 'Login' form =>
2023-12-06 20:22:51.897959   => 'Login' form closed
