
2023-12-04 17:21:41.763445   Работает obj <US_11-02-02-01_Shares_trading_test.TestSharesTradingItems object at 0x00000230B2528590> с именем TC_11.02.02.01_02
{'width': 1280, 'height': 720}

2023-12-04 17:21:41.765442   worker_id = master

2023-12-04 17:21:41.765442   0. Allure grouping


2023-12-04 17:21:41.765442   START PRECONDITIONS =>


2023-12-04 17:21:41.765442   {'width': 1280, 'height': 720}

2023-12-04 17:21:41.767447   Set windows position at (320, 180) =>

2023-12-04 17:21:41.872026   Set resolution 1280 * 720 =>

2023-12-04 17:21:41.980314   => Resolution seted {'width': 1280, 'height': 720}

2023-12-04 17:21:47.001427   Капчи нет. Тестим дальше

2023-12-04 17:21:47.001427   Prev. Role: NoReg

2023-12-04 17:21:47.001427   Current role: NoReg

2023-12-04 17:21:47.001427   Prev language: es

2023-12-04 17:21:47.001427   => Current language: es

2023-12-04 17:21:47.001427   Prev country: de

2023-12-04 17:21:47.001427   => Current country: de

2023-12-04 17:21:47.001427   => THE END PRECONDITIONS

2023-12-04 17:21:47.001427   1. Arrange_v0
2023-12-04 17:21:47.005427   BUTTON_TRY_DEMO is visible? =>
2023-12-04 17:21:47.028824   => BUTTON_TRY_DEMO is visible on the page!

2023-12-04 17:21:47.029822   2. Act_v0
2023-12-04 17:21:47.029822   BUTTON_TRY_DEMO is present? =>
2023-12-04 17:21:47.037820   => BUTTON_TRY_DEMO is present on the page!
2023-12-04 17:21:47.037820   BUTTON_TRY_DEMO scroll =>
2023-12-04 17:21:47.138715   => BUTTON_TRY_DEMO clicked!

2023-12-04 17:21:47.138715   3. Assert_v0
2023-12-04 17:21:47.138715   Start step Check that form [Sign up] opened
2023-12-04 17:21:47.167713   'Sign up' form opened
2023-12-04 17:21:47.167713   Assert SIGNUP_HEADER =>
2023-12-04 17:21:47.187514   Assert SIGNUP_REF_LOGIN =>
2023-12-04 17:21:47.213712   Assert SIGNUP_PRIVACY_POLICY_ALL_2 =>
2023-12-04 17:21:47.230494   => SIGNUP_PRIVACY_POLICY_ALL
2023-12-04 17:21:47.230494   => 'Signup' form is checked
2023-12-04 17:21:47.231496   Start step Close [Sign up] form =>
2023-12-04 17:21:47.336820   => 'Signup' form closed
