
2023-11-30 00:26:24.689897   Работает obj <US_11-02-02-01_Shares_trading_test.TestSharesTradingItems object at 0x00000145C57A2550> с именем TC_11.02.02.01_06
{'width': 1216, 'height': 8386}

2023-11-30 00:26:24.689897   worker_id = master

2023-11-30 00:26:24.689897   0. Allure grouping


2023-11-30 00:26:24.689897   START PRECONDITIONS =>


2023-11-30 00:26:24.689897   {'width': 1216, 'height': 8386}

2023-11-30 00:26:24.689897   Set windows position at (320, 180) =>

2023-11-30 00:26:24.808396   Set resolution 1280 * 720 =>

2023-11-30 00:26:24.920054   => Resolution seted {'width': 1280, 'height': 720}

2023-11-30 00:26:29.953062   Капчи нет. Тестим дальше

2023-11-30 00:26:29.953062   Prev. Role: Reg/NoAuth

2023-11-30 00:26:29.953062   Current role: Reg/NoAuth

2023-11-30 00:26:29.953062   Prev language: en

2023-11-30 00:26:29.953062   => Current language: en

2023-11-30 00:26:29.953062   Prev country: au

2023-11-30 00:26:29.953062   => Current country: au

2023-11-30 00:26:29.953062   => THE END PRECONDITIONS

2023-11-30 00:26:29.953062   Clear Top Chart list =>
2023-11-30 00:26:31.496261   Load page https://capital.com/trading/platform/charting/

2023-11-30 00:26:41.541407   1. Arrange_v4
2023-11-30 00:26:42.941894   Load page https://capital.com/trade-apple
2023-11-30 00:26:42.941894   MOST_TRADED is visible? =>
2023-11-30 00:26:42.956598   => MOST_TRADED is visible on the page!
2023-11-30 00:26:42.956598   => Found 5 elements in block MOST_TRADED

2023-11-30 00:26:42.956598   Testing Most traded random element #1

2023-11-30 00:26:42.957598   2. Act_v4
2023-11-30 00:26:42.957598   MOST_TRADED delete js-mostTraded class =>
2023-11-30 00:26:42.994616   MOST_TRADED scroll =>
2023-11-30 00:26:43.002601   MOST_TRADED click for 'GameStop Corp' trading instrument =>
2023-11-30 00:26:43.589428   => MOST_TRADED clicked!

2023-11-30 00:26:43.589428   3. Assert_v0
2023-11-30 00:26:43.660938   'Login' form opened
2023-11-30 00:26:43.660938   Assert LOGIN_REF_SIGNUP =>
2023-11-30 00:26:43.757265   Assert LOGIN_CHECKBOX =>
2023-11-30 00:26:43.790810   Assert LOGIN_PASS_FORGOT =>
2023-11-30 00:26:43.823902   => 'Login' form is checked
2023-11-30 00:26:43.875208   Click 'Close' button on 'Login' form =>
2023-11-30 00:26:43.946447   => 'Login' form closed

2023-11-30 00:26:43.946447   Clear Top Chart list =>
2023-11-30 00:26:45.204066   Load page https://capital.com/trading/platform/charting/

2023-11-30 00:26:55.296623   1. Arrange_v4
2023-11-30 00:26:55.959870   Load page https://capital.com/trade-apple
2023-11-30 00:26:55.959870   MOST_TRADED is visible? =>
2023-11-30 00:26:55.974926   => MOST_TRADED is visible on the page!
2023-11-30 00:26:55.974926   => Found 5 elements in block MOST_TRADED

2023-11-30 00:26:55.974926   Testing Most traded random element #2

2023-11-30 00:26:55.974926   2. Act_v4
2023-11-30 00:26:55.974926   MOST_TRADED delete js-mostTraded class =>
2023-11-30 00:26:56.376001   MOST_TRADED scroll =>
2023-11-30 00:26:56.385577   MOST_TRADED click for 'Tesla Inc' trading instrument =>
2023-11-30 00:26:56.610741   => MOST_TRADED clicked!

2023-11-30 00:26:56.610741   3. Assert_v0
2023-11-30 00:26:56.795851   'Login' form opened
2023-11-30 00:26:56.795851   Assert LOGIN_REF_SIGNUP =>
2023-11-30 00:26:56.822662   Assert LOGIN_CHECKBOX =>
2023-11-30 00:26:56.845048   Assert LOGIN_PASS_FORGOT =>
2023-11-30 00:26:56.872112   => 'Login' form is checked
2023-11-30 00:26:56.922908   Click 'Close' button on 'Login' form =>
2023-11-30 00:26:56.993079   => 'Login' form closed
