
2023-11-29 23:25:48.117768   Работает obj <US_11-02-02_Shares_trading_test.TestSharesTrading object at 0x000001D9FB271090> с именем TC_11.02.02_06
{'width': 1280, 'height': 720}

2023-11-29 23:25:48.144599   worker_id = master

2023-11-29 23:25:48.144599   0. Allure grouping


2023-11-29 23:25:48.144599   START PRECONDITIONS =>


2023-11-29 23:25:48.144599   {'width': 1280, 'height': 720}

2023-11-29 23:25:48.147949   Set windows position at (320, 180) =>

2023-11-29 23:25:48.252251   Set resolution 1280 * 720 =>

2023-11-29 23:25:48.358660   => Resolution seted {'width': 1280, 'height': 720}

2023-11-29 23:25:53.395756   Капчи нет. Тестим дальше

2023-11-29 23:25:53.395756   Prev. Role: NoReg

2023-11-29 23:25:53.395756   Current role: NoReg

2023-11-29 23:25:53.395756   Prev language: en

2023-11-29 23:25:53.395756   => Current language: en

2023-11-29 23:25:53.395756   Prev country: de

2023-11-29 23:25:53.395756   => Current country: de

2023-11-29 23:25:53.395756   => THE END PRECONDITIONS

2023-11-29 23:25:53.395756   0. Arrange_0
2023-11-29 23:25:54.009527   Load page https://capital.com/
2023-11-29 23:25:54.070604   => Education menu is present
2023-11-29 23:25:54.203104   => Education menu is visible
2023-11-29 23:25:55.997466   => Education menu focus moved


2023-11-29 23:25:57.428887   => Shares trading sub-menu clicked

2023-11-29 23:25:57.487779   Clear Top Chart list =>
2023-11-29 23:25:59.396760   Load page https://capital.com/trading/platform/charting/

2023-11-29 23:26:09.477226   1. Arrange_v4
2023-11-29 23:26:10.118120   Load page https://capital.com/trade-stocks
2023-11-29 23:26:10.118120   MOST_TRADED is visible? =>
2023-11-29 23:26:10.180371   => MOST_TRADED is visible on the page!
2023-11-29 23:26:10.180371   => Found 5 elements in block MOST_TRADED

2023-11-29 23:26:10.180371   Testing Most traded random element #1

2023-11-29 23:26:10.180371   2. Act_v4
2023-11-29 23:26:10.180371   MOST_TRADED delete js-mostTraded class =>
2023-11-29 23:26:10.326047   MOST_TRADED scroll =>
2023-11-29 23:26:10.332042   MOST_TRADED click for 'Tesla Inc' trading instrument =>
2023-11-29 23:26:10.533776   => MOST_TRADED clicked!

2023-11-29 23:26:10.534780   3. Assert_v0
2023-11-29 23:26:10.534780   Start step Check that form [Sign up] opened
2023-11-29 23:26:10.767918   'Sign up' form opened
2023-11-29 23:26:10.767918   Assert SIGNUP_HEADER =>
2023-11-29 23:26:10.799151   Assert SIGNUP_REF_LOGIN =>
2023-11-29 23:26:10.827158   Assert SIGNUP_PRIVACY_POLICY_ALL_2 =>
2023-11-29 23:26:10.853579   => SIGNUP_PRIVACY_POLICY_ALL
2023-11-29 23:26:10.853579   => 'Signup' form is checked
2023-11-29 23:26:10.853579   Start step Close [Sign up] form =>
2023-11-29 23:26:10.968671   => 'Signup' form closed

2023-11-29 23:26:10.969668   Clear Top Chart list =>
2023-11-29 23:26:12.943141   Load page https://capital.com/trading/platform/charting/

2023-11-29 23:26:23.018991   1. Arrange_v4
2023-11-29 23:26:23.751892   Load page https://capital.com/trade-stocks
2023-11-29 23:26:23.751892   MOST_TRADED is visible? =>
2023-11-29 23:26:23.808430   => MOST_TRADED is visible on the page!
2023-11-29 23:26:23.808430   => Found 5 elements in block MOST_TRADED

2023-11-29 23:26:23.808430   Testing Most traded random element #2

2023-11-29 23:26:23.809432   2. Act_v4
2023-11-29 23:26:23.809432   MOST_TRADED delete js-mostTraded class =>
2023-11-29 23:26:24.068112   MOST_TRADED scroll =>
2023-11-29 23:26:24.074110   MOST_TRADED click for 'Vodafone Group PLC' trading instrument =>
2023-11-29 23:26:24.151494   => MOST_TRADED clicked!

2023-11-29 23:26:24.151494   3. Assert_v0
2023-11-29 23:26:24.151494   Start step Check that form [Sign up] opened
2023-11-29 23:26:24.417388   'Sign up' form opened
2023-11-29 23:26:24.417388   Assert SIGNUP_HEADER =>
2023-11-29 23:26:24.438737   Assert SIGNUP_REF_LOGIN =>
2023-11-29 23:26:24.459790   Assert SIGNUP_PRIVACY_POLICY_ALL_2 =>
2023-11-29 23:26:24.483611   => SIGNUP_PRIVACY_POLICY_ALL
2023-11-29 23:26:24.483611   => 'Signup' form is checked
2023-11-29 23:26:24.483611   Start step Close [Sign up] form =>
2023-11-29 23:26:24.602181   => 'Signup' form closed
