
2023-12-04 14:30:40.786042   Работает obj <US_11-02-02_Shares_trading_test.TestSharesTrading object at 0x000001A302479050> с именем TC_11.02.02_02
{'width': 1280, 'height': 720}

2023-12-04 14:30:40.788056   worker_id = master

2023-12-04 14:30:40.788056   0. Allure grouping


2023-12-04 14:30:40.788056   START PRECONDITIONS =>


2023-12-04 14:30:40.788056   {'width': 1280, 'height': 720}

2023-12-04 14:30:40.791049   Set windows position at (320, 180) =>

2023-12-04 14:30:40.901728   Set resolution 1280 * 720 =>

2023-12-04 14:30:41.005485   => Resolution seted {'width': 1280, 'height': 720}

2023-12-04 14:30:46.037901   Капчи нет. Тестим дальше

2023-12-04 14:30:46.037901   Prev. Role: NoReg

2023-12-04 14:30:46.037901   Current role: NoReg

2023-12-04 14:30:46.037901   Prev language: es

2023-12-04 14:30:46.037901   => Current language: es

2023-12-04 14:30:46.037901   Prev country: de

2023-12-04 14:30:46.037901   => Current country: de

2023-12-04 14:30:46.037901   => THE END PRECONDITIONS

2023-12-04 14:30:46.037901   0. Arrange_0
2023-12-04 14:30:46.848481   Load page https://capital.com/es
2023-12-04 14:30:46.934141   => Education menu is present
2023-12-04 14:30:47.214495   => Education menu is visible
2023-12-04 14:30:48.998351   => Education menu focus moved


2023-12-04 14:30:50.392828   => Shares trading sub-menu clicked

2023-12-04 14:30:50.460501   1. Arrange_v0
2023-12-04 14:30:50.586440   BUTTON_TRY_DEMO is visible? =>
2023-12-04 14:30:50.696798   => BUTTON_TRY_DEMO is visible on the page!

2023-12-04 14:30:50.696798   2. Act_v0
2023-12-04 14:30:50.696798   BUTTON_TRY_DEMO is present? =>
2023-12-04 14:30:50.706808   => BUTTON_TRY_DEMO is present on the page!
2023-12-04 14:30:50.706808   BUTTON_TRY_DEMO scroll =>
2023-12-04 14:30:50.790154   => BUTTON_TRY_DEMO clicked!

2023-12-04 14:30:50.791144   3. Assert_v0
2023-12-04 14:30:50.791144   Start step Check that form [Sign up] opened
2023-12-04 14:30:50.954009   'Sign up' form opened
2023-12-04 14:30:50.954009   Assert SIGNUP_HEADER =>
2023-12-04 14:30:50.970946   Assert SIGNUP_REF_LOGIN =>
2023-12-04 14:30:50.987352   Assert SIGNUP_PRIVACY_POLICY_ALL_2 =>
2023-12-04 14:30:51.013332   => SIGNUP_PRIVACY_POLICY_ALL
2023-12-04 14:30:51.013332   => 'Signup' form is checked
2023-12-04 14:30:51.013827   Start step Close [Sign up] form =>
2023-12-04 14:30:51.123652   => 'Signup' form closed
