
2023-12-14 20:44:14.188871   Работает obj <US_11-02-02-01_Shares_trading_test.TestSharesTradingItems object at 0x000001A105AF40D0> с именем TC_11.02.02.01_01
{'width': 1280, 'height': 720}

2023-12-14 20:44:14.190862   worker_id = master

2023-12-14 20:44:14.190862   0. Allure grouping

2023-12-14 20:44:14.190862   0. Arrange_0
2023-12-14 20:44:14.742088   Load page https://capital.com


2023-12-14 20:44:14.743088   START PRECONDITIONS =>


2023-12-14 20:44:14.743088   {'width': 1280, 'height': 720}

2023-12-14 20:44:14.750361   Set windows position at (320, 180) =>

2023-12-14 20:44:14.974207   Set resolution 1280 * 720 =>

2023-12-14 20:44:15.122518   => Resolution seted {'width': 1280, 'height': 720}

2023-12-14 20:44:20.162198   Капчи нет. Тестим дальше

2023-12-14 20:44:20.162198   Prev. Role: NoReg

2023-12-14 20:44:20.162198   Current role: NoReg

2023-12-14 20:44:20.162198   Prev language: en

2023-12-14 20:44:20.162198   => Current language: en

2023-12-14 20:44:20.162198   Prev country: ae

2023-12-14 20:44:20.162198   => Current country: ae

2023-12-14 20:44:20.162198   => THE END PRECONDITIONS

2023-12-14 20:44:20.162198   1. Arrange_v0
2023-12-14 20:44:20.913441   Load page https://capital.com/trade-nio
2023-12-14 20:44:20.973552   BUTTON_START_TRADING scroll =>
2023-12-14 20:44:21.256315   BUTTON_START_TRADING is visible? =>
2023-12-14 20:44:21.321718   => BUTTON_START_TRADING is visible on the page!

2023-12-14 20:44:21.321718   2. Act_v0
2023-12-14 20:44:21.321718   Start Click button [Start Trading] =>
2023-12-14 20:44:21.334185   BUTTON_START_TRADING is clickable? =>
2023-12-14 20:44:21.352585   BUTTON_START_TRADING click =>
2023-12-14 20:44:21.435026   => BUTTON_START_TRADING clicked

2023-12-14 20:44:21.435026   3. Assert_v0
2023-12-14 20:44:21.436037   Start step Check that [Sign up] form is opened
2023-12-14 20:44:21.601169   'Sign up' form opened
2023-12-14 20:44:21.602168   Assert SIGNUP_HEADER =>
2023-12-14 20:44:21.633253   Assert SIGNUP_REF_LOGIN =>
2023-12-14 20:44:21.655308   Assert SIGNUP_PRIVACY_POLICY_ALL_2 =>
2023-12-14 20:44:21.723851   => SIGNUP_PRIVACY_POLICY_ALL
2023-12-14 20:44:21.723851   => 'Signup' form is checked
2023-12-14 20:44:21.723851   Start step Close [Sign up] form =>
2023-12-14 20:44:21.841685   => 'Signup' form closed
