
2023-12-14 20:46:09.863742   Работает obj <US_11-02-02-01_Shares_trading_test.TestSharesTradingItems object at 0x000001A105B64490> с именем TC_11.02.02.01_04
{'width': 1280, 'height': 720}

2023-12-14 20:46:09.865742   worker_id = master

2023-12-14 20:46:09.865742   0. Allure grouping


2023-12-14 20:46:09.865742   START PRECONDITIONS =>


2023-12-14 20:46:09.866745   {'width': 1280, 'height': 720}

2023-12-14 20:46:09.868739   Set windows position at (320, 180) =>

2023-12-14 20:46:09.974768   Set resolution 1280 * 720 =>

2023-12-14 20:46:10.079646   => Resolution seted {'width': 1280, 'height': 720}

2023-12-14 20:46:15.134002   Капчи нет. Тестим дальше

2023-12-14 20:46:15.134002   Prev. Role: NoReg

2023-12-14 20:46:15.134002   Current role: NoReg

2023-12-14 20:46:15.134002   Prev language: en

2023-12-14 20:46:15.134002   => Current language: en

2023-12-14 20:46:15.134002   Prev country: ae

2023-12-14 20:46:15.134002   => Current country: ae

2023-12-14 20:46:15.134002   => THE END PRECONDITIONS

2023-12-14 20:46:15.134002   1. Arrange_v0
2023-12-14 20:46:15.134002   BUTTON_BUY_IN_CONTENT_BLOCK is located on the page? =>
2023-12-14 20:46:15.149643   => BUTTON_BUY_IN_CONTENT_BLOCK is located on the page!
2023-12-14 20:46:15.149643   Start Checking that form [Sign up] popped up on the page =>
2023-12-14 20:46:20.680947   '[Sign up]' form was not popped up

2023-12-14 20:46:20.680947   2. Act_v0
2023-12-14 20:46:20.691098   BUTTON_BUY_IN_CONTENT_BLOCK is present? =>
2023-12-14 20:46:20.691098   => BUTTON_BUY_IN_CONTENT_BLOCK is present on the page
2023-12-14 20:46:20.691098   BUTTON_BUY_IN_CONTENT_BLOCK scroll =>
2023-12-14 20:46:20.696096   => BUTTON_BUY_IN_CONTENT_BLOCK scrolled
2023-12-14 20:46:20.709222   BUTTON_BUY_IN_CONTENT_BLOCK is clickable? =>
2023-12-14 20:46:20.727640   BUTTON_BUY_IN_CONTENT_BLOCK CLICK =>
2023-12-14 20:46:20.773264   => BUTTON_BUY_IN_CONTENT_BLOCK clicked!

2023-12-14 20:46:20.773264   3. Assert_v0
2023-12-14 20:46:20.773264   Start step Check that [Sign up] form is opened
2023-12-14 20:46:20.799762   'Sign up' form opened
2023-12-14 20:46:20.799762   Assert SIGNUP_HEADER =>
2023-12-14 20:46:20.835122   Assert SIGNUP_REF_LOGIN =>
2023-12-14 20:46:20.861509   Assert SIGNUP_PRIVACY_POLICY_ALL_2 =>
2023-12-14 20:46:20.880933   => SIGNUP_PRIVACY_POLICY_ALL
2023-12-14 20:46:20.881919   => 'Signup' form is checked
2023-12-14 20:46:20.881919   Start step Close [Sign up] form =>
2023-12-14 20:46:20.977538   => 'Signup' form closed
