
2023-12-14 20:34:14.208308   Работает obj <US_11-02-02-01_Shares_trading_test.TestSharesTradingItems object at 0x000001A105B95E50> с именем TC_11.02.02.01_06
{'width': 1280, 'height': 720}

2023-12-14 20:34:14.208308   worker_id = master

2023-12-14 20:34:14.208308   0. Allure grouping


2023-12-14 20:34:14.208308   START PRECONDITIONS =>


2023-12-14 20:34:14.208308   {'width': 1280, 'height': 720}

2023-12-14 20:34:14.208308   Set windows position at (320, 180) =>

2023-12-14 20:34:14.332012   Set resolution 1280 * 720 =>

2023-12-14 20:34:14.447707   => Resolution seted {'width': 1280, 'height': 720}

2023-12-14 20:34:19.466814   Капчи нет. Тестим дальше

2023-12-14 20:34:19.466814   Prev. Role: Reg/NoAuth

2023-12-14 20:34:19.466814   Current role: Reg/NoAuth

2023-12-14 20:34:19.466814   Prev language: en

2023-12-14 20:34:19.466814   => Current language: en

2023-12-14 20:34:19.466814   Prev country: ae

2023-12-14 20:34:19.466814   => Current country: ae

2023-12-14 20:34:19.466814   => THE END PRECONDITIONS

2023-12-14 20:34:19.466814   1. Arrange_v4
2023-12-14 20:34:19.476540   MOST_TRADED is visible? =>
2023-12-14 20:34:19.490743   => MOST_TRADED is visible on the page!
2023-12-14 20:34:19.490743   => Found 5 elements in block MOST_TRADED

2023-12-14 20:34:19.490743   Testing Most traded random element #1

2023-12-14 20:34:19.491937   2. Act_v4
2023-12-14 20:34:19.491937   MOST_TRADED delete js-mostTraded class =>
2023-12-14 20:34:19.531130   MOST_TRADED scroll =>
2023-12-14 20:34:19.531130   Start Checking that form [Sign up] popped up on the page =>
2023-12-14 20:34:19.550037   'Sign up' form opened
2023-12-14 20:34:19.551044   Start step Close [Sign up] form =>
2023-12-14 20:34:19.641138   => 'Signup' form closed
2023-12-14 20:34:19.665072   MOST_TRADED click for 'GameStop Corp' trading instrument =>
2023-12-14 20:34:19.766833   => MOST_TRADED clicked!

2023-12-14 20:34:19.767837   3. Assert_Login_v0
2023-12-14 20:34:19.789309   'Login' form opened
2023-12-14 20:34:19.789309   Assert LOGIN_REF_SIGNUP =>
2023-12-14 20:34:19.809808   Assert LOGIN_CHECKBOX =>
2023-12-14 20:34:19.856239   Assert LOGIN_PASS_FORGOT =>
2023-12-14 20:34:19.875148   => 'Login' form is checked
2023-12-14 20:34:19.900090   Click 'Close' button on 'Login' form =>
2023-12-14 20:34:19.949022   => 'Login' form closed

2023-12-14 20:34:19.949022   Clear Top Chart list =>
2023-12-14 20:34:21.474539   Load page https://capital.com/trading/platform/charting/

2023-12-14 20:34:31.576753   1. Arrange_v4
2023-12-14 20:34:32.366062   Load page https://capital.com/trade-nio
2023-12-14 20:34:32.366062   MOST_TRADED is visible? =>
2023-12-14 20:34:32.429069   => MOST_TRADED is visible on the page!
2023-12-14 20:34:32.429069   => Found 5 elements in block MOST_TRADED

2023-12-14 20:34:32.429069   Testing Most traded random element #2

2023-12-14 20:34:32.429069   2. Act_v4
2023-12-14 20:34:32.429069   MOST_TRADED delete js-mostTraded class =>
2023-12-14 20:34:32.775101   MOST_TRADED scroll =>
2023-12-14 20:34:32.775101   Start Checking that form [Sign up] popped up on the page =>
2023-12-14 20:34:38.313791   '[Sign up]' form was not popped up
2023-12-14 20:34:38.325227   MOST_TRADED click for 'NVIDIA Corp' trading instrument =>
2023-12-14 20:34:38.426002   => MOST_TRADED clicked!

2023-12-14 20:34:38.427004   3. Assert_Login_v0
2023-12-14 20:34:39.089818   'Login' form opened
2023-12-14 20:34:39.089818   Assert LOGIN_REF_SIGNUP =>
2023-12-14 20:34:39.104092   Assert LOGIN_CHECKBOX =>
2023-12-14 20:34:39.119113   Assert LOGIN_PASS_FORGOT =>
2023-12-14 20:34:39.137975   => 'Login' form is checked
2023-12-14 20:34:39.193352   Click 'Close' button on 'Login' form =>
2023-12-14 20:34:39.241687   => 'Login' form closed
