
2023-12-14 20:48:57.889970   Работает obj <US_11-02-02-01_Shares_trading_test.TestSharesTradingItems object at 0x000001A105B6E2D0> с именем TC_11.02.02.01_06
{'width': 1280, 'height': 720}

2023-12-14 20:48:57.891970   worker_id = master

2023-12-14 20:48:57.891970   0. Allure grouping


2023-12-14 20:48:57.891970   START PRECONDITIONS =>


2023-12-14 20:48:57.891970   {'width': 1280, 'height': 720}

2023-12-14 20:48:57.894171   Set windows position at (320, 180) =>

2023-12-14 20:48:58.002230   Set resolution 1280 * 720 =>

2023-12-14 20:48:58.106167   => Resolution seted {'width': 1280, 'height': 720}

2023-12-14 20:49:03.124443   Капчи нет. Тестим дальше

2023-12-14 20:49:03.124443   Prev. Role: Reg/NoAuth

2023-12-14 20:49:03.124443   Current role: Reg/NoAuth

2023-12-14 20:49:03.124443   Prev language: en

2023-12-14 20:49:03.124443   => Current language: en

2023-12-14 20:49:03.124443   Prev country: au

2023-12-14 20:49:03.124443   => Current country: au

2023-12-14 20:49:03.124443   => THE END PRECONDITIONS

2023-12-14 20:49:03.124443   1. Arrange_v4
2023-12-14 20:49:03.132399   MOST_TRADED is visible? =>
2023-12-14 20:49:03.142392   => MOST_TRADED is visible on the page!
2023-12-14 20:49:03.142392   => Found 5 elements in block MOST_TRADED

2023-12-14 20:49:03.142392   Testing Most traded random element #1

2023-12-14 20:49:03.142392   2. Act_v4
2023-12-14 20:49:03.142392   MOST_TRADED delete js-mostTraded class =>
2023-12-14 20:49:03.181912   MOST_TRADED scroll =>
2023-12-14 20:49:03.181912   Start Checking that form [Sign up] popped up on the page =>
2023-12-14 20:49:03.198826   'Sign up' form opened
2023-12-14 20:49:03.198826   Start step Close [Sign up] form =>
2023-12-14 20:49:03.311484   => 'Signup' form closed
2023-12-14 20:49:03.321072   MOST_TRADED click for 'Altimmune, Inc.' trading instrument =>
2023-12-14 20:49:03.407774   => MOST_TRADED clicked!

2023-12-14 20:49:03.408772   3. Assert_Login_v0
2023-12-14 20:49:03.434302   'Login' form opened
2023-12-14 20:49:03.434302   Assert LOGIN_REF_SIGNUP =>
2023-12-14 20:49:03.456426   Assert LOGIN_CHECKBOX =>
2023-12-14 20:49:03.509147   Assert LOGIN_PASS_FORGOT =>
2023-12-14 20:49:03.535417   => 'Login' form is checked
2023-12-14 20:49:03.569815   Click 'Close' button on 'Login' form =>
2023-12-14 20:49:03.640270   => 'Login' form closed

2023-12-14 20:49:03.640270   Clear Top Chart list =>
2023-12-14 20:49:05.675121   Load page https://capital.com/trading/platform/charting/

2023-12-14 20:49:15.760322   1. Arrange_v4
2023-12-14 20:49:16.333293   Load page https://capital.com/trade-amd
2023-12-14 20:49:16.333293   MOST_TRADED is visible? =>
2023-12-14 20:49:16.391066   => MOST_TRADED is visible on the page!
2023-12-14 20:49:16.391066   => Found 5 elements in block MOST_TRADED

2023-12-14 20:49:16.391066   Testing Most traded random element #2

2023-12-14 20:49:16.392072   2. Act_v4
2023-12-14 20:49:16.392072   MOST_TRADED delete js-mostTraded class =>
2023-12-14 20:49:16.704849   MOST_TRADED scroll =>
2023-12-14 20:49:16.705855   Start Checking that form [Sign up] popped up on the page =>
2023-12-14 20:49:22.234155   '[Sign up]' form was not popped up
2023-12-14 20:49:22.240065   MOST_TRADED click for 'Advanced Micro Devices Inc' trading instrument =>
2023-12-14 20:49:22.329554   => MOST_TRADED clicked!

2023-12-14 20:49:22.329554   3. Assert_Login_v0
2023-12-14 20:49:23.040367   'Login' form opened
2023-12-14 20:49:23.040367   Assert LOGIN_REF_SIGNUP =>
2023-12-14 20:49:23.068016   Assert LOGIN_CHECKBOX =>
2023-12-14 20:49:23.089046   Assert LOGIN_PASS_FORGOT =>
2023-12-14 20:49:23.150884   => 'Login' form is checked
2023-12-14 20:49:23.174480   Click 'Close' button on 'Login' form =>
2023-12-14 20:49:23.237563   => 'Login' form closed
