
2023-12-02 15:31:45.415672   Работает obj <US_11-02-02-01_Shares_trading_test.TestSharesTradingItems object at 0x00000238405A4D50> с именем TC_11.02.02.01_02
{'width': 1280, 'height': 720}

2023-12-02 15:31:45.420658   worker_id = master

2023-12-02 15:31:45.420658   0. Allure grouping


2023-12-02 15:31:45.420658   START PRECONDITIONS =>


2023-12-02 15:31:45.421659   {'width': 1280, 'height': 720}

2023-12-02 15:31:45.422663   Set windows position at (320, 180) =>

2023-12-02 15:31:45.527832   Set resolution 1280 * 720 =>

2023-12-02 15:31:45.636304   => Resolution seted {'width': 1280, 'height': 720}

2023-12-02 15:31:50.645575   Капчи нет. Тестим дальше

2023-12-02 15:31:50.645575   Prev. Role: NoReg

2023-12-02 15:31:50.645575   Current role: NoReg

2023-12-02 15:31:50.645575   Prev language: it

2023-12-02 15:31:50.645575   => Current language: it

2023-12-02 15:31:50.645575   Prev country: de

2023-12-02 15:31:50.645575   => Current country: de

2023-12-02 15:31:50.645575   => THE END PRECONDITIONS

2023-12-02 15:31:50.645575   1. Arrange_v0
2023-12-02 15:31:50.650862   BUTTON_TRY_DEMO is visible? =>
2023-12-02 15:31:50.668203   => BUTTON_TRY_DEMO is visible on the page!

2023-12-02 15:31:50.669204   2. Act_v0
2023-12-02 15:31:50.669204   BUTTON_TRY_DEMO is present? =>
2023-12-02 15:31:50.678206   => BUTTON_TRY_DEMO is present on the page!
2023-12-02 15:31:50.678206   BUTTON_TRY_DEMO scroll =>
2023-12-02 15:31:50.776310   => BUTTON_TRY_DEMO clicked!

2023-12-02 15:31:50.776310   3. Assert_v0
2023-12-02 15:31:50.776310   Start step Check that form [Sign up] opened
2023-12-02 15:31:50.803874   'Sign up' form opened
2023-12-02 15:31:50.803874   Assert SIGNUP_HEADER =>
2023-12-02 15:31:50.823668   Assert SIGNUP_REF_LOGIN =>
2023-12-02 15:31:50.844033   Assert SIGNUP_PRIVACY_POLICY_ALL_2 =>
2023-12-02 15:31:50.863074   => SIGNUP_PRIVACY_POLICY_ALL
2023-12-02 15:31:50.863074   => 'Signup' form is checked
2023-12-02 15:31:50.864079   Start step Close [Sign up] form =>
2023-12-02 15:31:51.002311   => 'Signup' form closed
