
2023-11-28 14:19:09.801115   Работает obj <US_11-02-02_Shares_trading_test.TestSharesTrading object at 0x7f89881ac850> с именем TC_11.02.02_06
{'width': 1280, 'height': 720}

2023-11-28 14:19:09.839424   worker_id = master

2023-11-28 14:19:09.839452   0. Allure grouping


2023-11-28 14:19:09.839788   START PRECONDITIONS =>


2023-11-28 14:19:09.839812   {'width': 1280, 'height': 720}

2023-11-28 14:19:09.849615   Set windows position at (320, 180) =>

2023-11-28 14:19:10.094108   Set resolution 1280 * 720 =>

2023-11-28 14:19:10.196274   => Resolution seted {'width': 1280, 'height': 720}

2023-11-28 14:19:14.216299   Капчи нет. Тестим дальше

2023-11-28 14:19:14.216345   Prev. Role: Auth

2023-11-28 14:19:14.216355   Current role: Auth

2023-11-28 14:19:14.216363   Prev language: fr

2023-11-28 14:19:14.216371   => Current language: fr

2023-11-28 14:19:14.216379   Prev country: au

2023-11-28 14:19:14.216386   => Current country: au

2023-11-28 14:19:14.216394   => THE END PRECONDITIONS

2023-11-28 14:19:14.216453   0. Arrange_0
2023-11-28 14:19:14.859904   Load page https://capital.com/fr
2023-11-28 14:19:14.912818   => Education menu is present
2023-11-28 14:19:15.166724   => Education menu is visible
2023-11-28 14:19:16.937007   => Education menu focus moved


2023-11-28 14:19:18.262386   => Shares trading sub-menu clicked

2023-11-28 14:19:18.311324   Clear Top Chart list =>
2023-11-28 14:19:19.623253   Load page https://capital.com/trading/platform/charting/

2023-11-28 14:19:27.684057   1. Arrange_v4
2023-11-28 14:19:28.292181   Load page https://capital.com/fr/trade-stocks
2023-11-28 14:19:28.292233   MOST_TRADED is visible? =>
2023-11-28 14:19:28.346185   => MOST_TRADED is visible on the page!
2023-11-28 14:19:28.346222   => Found 5 elements in block MOST_TRADED

2023-11-28 14:19:28.346256   Testing Most traded random element #1

2023-11-28 14:19:28.346407   2. Act_v4
2023-11-28 14:19:28.346420   MOST_TRADED delete js-mostTraded class =>
2023-11-28 14:19:28.557174   MOST_TRADED scroll =>
2023-11-28 14:19:28.561656   MOST_TRADED click for 'Tesla Inc' trading instrument =>
2023-11-28 14:19:28.885924   => MOST_TRADED clicked!

2023-11-28 14:19:28.886447   3. Assert_v4
2023-11-28 14:19:28.886602   Checking that the trading platform page has opened (v4) =>
2023-11-28 14:19:28.947876   => Current page title: Trading Platform | Capital.com
2023-11-28 14:19:28.948055   Checking that the Trading platform LOGO is present on the page =>
2023-11-28 14:19:30.304872   Checking that the Trading platform opened in LIVE mode =>
2023-11-28 14:19:30.429506   => The page with https://capital.com/trading/platform/spotlight/22855552501634244?side=buy url was opened in lIVE mode
2023-11-28 14:19:30.429543   => Opened page with https://capital.com/trading/platform/spotlight/22855552501634244?side=buy url for corresponding trading instrument 'Tesla Inc'
2023-11-28 14:19:30.429685   Trading Platform for 'Tesla Inc' trading instrument is opened
2023-11-28 14:19:30.638934   Trade instrument 'Tesla Inc' is on the Top Charts List
2023-11-28 14:19:30.864924   Trade instrument 'Tesla Inc' is on the Top Charts List and selected
2023-11-28 14:19:31.435978   Load page https://capital.com/fr/trade-stocks

2023-11-28 14:19:31.436108   Clear Top Chart list =>
2023-11-28 14:19:32.606123   Load page https://capital.com/trading/platform/charting/

2023-11-28 14:19:38.196575   1. Arrange_v4
2023-11-28 14:19:38.798552   Load page https://capital.com/fr/trade-stocks
2023-11-28 14:19:38.798608   MOST_TRADED is visible? =>
2023-11-28 14:19:38.852480   => MOST_TRADED is visible on the page!
2023-11-28 14:19:38.852521   => Found 5 elements in block MOST_TRADED

2023-11-28 14:19:38.852537   Testing Most traded random element #2

2023-11-28 14:19:38.852747   2. Act_v4
2023-11-28 14:19:38.852766   MOST_TRADED delete js-mostTraded class =>
2023-11-28 14:19:39.079226   MOST_TRADED scroll =>
2023-11-28 14:19:39.083018   MOST_TRADED click for 'NVIDIA Corp' trading instrument =>
2023-11-28 14:19:39.357855   => MOST_TRADED clicked!

2023-11-28 14:19:39.358201   3. Assert_v4
2023-11-28 14:19:39.358345   Checking that the trading platform page has opened (v4) =>
2023-11-28 14:19:39.404184   => Current page title: Trading Platform | Capital.com
2023-11-28 14:19:39.404345   Checking that the Trading platform LOGO is present on the page =>
2023-11-28 14:19:40.819514   Checking that the Trading platform opened in LIVE mode =>
2023-11-28 14:19:40.846874   => The page with https://capital.com/trading/platform/spotlight/16150730595456196?side=buy url was opened in lIVE mode
2023-11-28 14:19:40.846913   => Opened page with https://capital.com/trading/platform/spotlight/16150730595456196?side=buy url for corresponding trading instrument 'NVIDIA Corp'
2023-11-28 14:19:40.847113   Trading Platform for 'NVIDIA Corp' trading instrument is opened
2023-11-28 14:19:40.947560   Trade instrument 'NVIDIA Corp' is on the Top Charts List
2023-11-28 14:19:41.187909   Trade instrument 'NVIDIA Corp' is on the Top Charts List and selected
2023-11-28 14:19:41.780209   Load page https://capital.com/fr/trade-stocks
