
2023-11-28 14:28:20.564886   Работает obj <US_11-02-02-01_Shares_trading_test.TestSharesTradingItems object at 0x7f09f33080d0> с именем TC_11.02.02.01_04
{'width': 1280, 'height': 720}

2023-11-28 14:28:20.570579   worker_id = master

2023-11-28 14:28:20.570599   0. Allure grouping


2023-11-28 14:28:20.570874   START PRECONDITIONS =>


2023-11-28 14:28:20.570896   {'width': 1280, 'height': 720}

2023-11-28 14:28:20.572547   Set windows position at (320, 180) =>

2023-11-28 14:28:20.674795   Set resolution 1280 * 720 =>

2023-11-28 14:28:20.777075   => Resolution seted {'width': 1280, 'height': 720}

2023-11-28 14:28:24.813633   Капчи нет. Тестим дальше

2023-11-28 14:28:24.813674   Prev. Role: NoReg

2023-11-28 14:28:24.813684   Current role: NoReg

2023-11-28 14:28:24.813692   Prev language: fr

2023-11-28 14:28:24.813700   => Current language: fr

2023-11-28 14:28:24.813707   Prev country: au

2023-11-28 14:28:24.813715   => Current country: au

2023-11-28 14:28:24.813722   => THE END PRECONDITIONS

2023-11-28 14:28:24.813782   1. Arrange_v0
2023-11-28 14:28:24.816678   BUTTON_BUY_IN_CONTENT_BLOCK is located on the page? =>
2023-11-28 14:28:24.824456   => BUTTON_BUY_IN_CONTENT_BLOCK is located on the page!
2023-11-28 14:28:24.824600   Start Checking that form [Sign up] popped up on the page =>
2023-11-28 14:28:29.366446   '[Sign up]' form was not popped up

2023-11-28 14:28:29.366666   2. Act_v0
2023-11-28 14:28:29.396018   BUTTON_BUY_IN_CONTENT_BLOCK is present? =>
2023-11-28 14:28:29.396042   => BUTTON_BUY_IN_CONTENT_BLOCK is present on the page
2023-11-28 14:28:29.396051   BUTTON_BUY_IN_CONTENT_BLOCK scroll =>
2023-11-28 14:28:29.400398   => BUTTON_BUY_IN_CONTENT_BLOCK scrolled
2023-11-28 14:28:29.400419   BUTTON_BUY_IN_CONTENT_BLOCK is clickable? =>
2023-11-28 14:28:29.411133   BUTTON_BUY_IN_CONTENT_BLOCK CLICK =>
2023-11-28 14:28:29.447876   => BUTTON_BUY_IN_CONTENT_BLOCK clicked!

2023-11-28 14:28:29.455101   3. Assert_v0
2023-11-28 14:28:29.455222   Start step Check that form [Sign up] opened
2023-11-28 14:28:29.470109   'Sign up' form opened
2023-11-28 14:28:29.470151   Assert SIGNUP_HEADER =>
2023-11-28 14:28:29.482004   Assert SIGNUP_REF_LOGIN =>
2023-11-28 14:28:29.495400   Assert SIGNUP_PRIVACY_POLICY_ALL_2 =>
2023-11-28 14:28:29.508185   => SIGNUP_PRIVACY_POLICY_ALL
2023-11-28 14:28:29.508220   => 'Signup' form is checked
2023-11-28 14:28:29.508420   Start step Close [Sign up] form =>
2023-11-28 14:28:29.585706   => 'Signup' form closed
