
2023-11-28 14:28:11.430211   Работает obj <US_11-02-02-01_Shares_trading_test.TestSharesTradingItems object at 0x7f09f3300e10> с именем TC_11.02.02.01_03
{'width': 1280, 'height': 720}

2023-11-28 14:28:11.433666   worker_id = master

2023-11-28 14:28:11.433679   0. Allure grouping


2023-11-28 14:28:11.433846   START PRECONDITIONS =>


2023-11-28 14:28:11.433860   {'width': 1280, 'height': 720}

2023-11-28 14:28:11.435365   Set windows position at (320, 180) =>

2023-11-28 14:28:11.537324   Set resolution 1280 * 720 =>

2023-11-28 14:28:11.639521   => Resolution seted {'width': 1280, 'height': 720}

2023-11-28 14:28:15.685005   Капчи нет. Тестим дальше

2023-11-28 14:28:15.685050   Prev. Role: NoReg

2023-11-28 14:28:15.685060   Current role: NoReg

2023-11-28 14:28:15.685068   Prev language: fr

2023-11-28 14:28:15.685076   => Current language: fr

2023-11-28 14:28:15.685083   Prev country: au

2023-11-28 14:28:15.685091   => Current country: au

2023-11-28 14:28:15.685099   => THE END PRECONDITIONS

2023-11-28 14:28:15.685159   1. Arrange_v0
2023-11-28 14:28:15.688059   BUTTON_SELL_IN_CONTENT_BLOCK is located on the page? =>
2023-11-28 14:28:15.695830   => BUTTON_SELL_IN_CONTENT_BLOCK is located on the page!
2023-11-28 14:28:15.695972   Start Checking that form [Sign up] popped up on the page =>
2023-11-28 14:28:20.232499   '[Sign up]' form was not popped up

2023-11-28 14:28:20.232741   2. Act_v0
2023-11-28 14:28:20.270689   BUTTON_SELL_IN_CONTENT_BLOCK is present? =>
2023-11-28 14:28:20.270720   => BUTTON_SELL_IN_CONTENT_BLOCK is present on the page!
2023-11-28 14:28:20.270732   BUTTON_SELL_IN_CONTENT_BLOCK scroll =>
2023-11-28 14:28:20.367492   => BUTTON_SELL_IN_CONTENT_BLOCK clicked!

2023-11-28 14:28:20.382369   3. Assert_v0
2023-11-28 14:28:20.382484   Start step Check that form [Sign up] opened
2023-11-28 14:28:20.442439   'Sign up' form opened
2023-11-28 14:28:20.442486   Assert SIGNUP_HEADER =>
2023-11-28 14:28:20.458086   Assert SIGNUP_REF_LOGIN =>
2023-11-28 14:28:20.473610   Assert SIGNUP_PRIVACY_POLICY_ALL_2 =>
2023-11-28 14:28:20.489476   => SIGNUP_PRIVACY_POLICY_ALL
2023-11-28 14:28:20.489512   => 'Signup' form is checked
2023-11-28 14:28:20.489668   Start step Close [Sign up] form =>
2023-11-28 14:28:20.559457   => 'Signup' form closed
