
2023-11-28 14:42:00.097967   Работает obj <US_11-02-02-01_Shares_trading_test.TestSharesTradingItems object at 0x7f09f3300c10> с именем TC_11.02.02.01_03
{'width': 1280, 'height': 7590}

2023-11-28 14:42:00.100299   worker_id = master

2023-11-28 14:42:00.100312   0. Allure grouping


2023-11-28 14:42:00.100462   START PRECONDITIONS =>


2023-11-28 14:42:00.100476   {'width': 1280, 'height': 7590}

2023-11-28 14:42:00.101912   Set windows position at (320, 180) =>

2023-11-28 14:42:00.204135   Set resolution 1280 * 720 =>

2023-11-28 14:42:00.307120   => Resolution seted {'width': 1280, 'height': 720}

2023-11-28 14:42:04.314414   Капчи нет. Тестим дальше

2023-11-28 14:42:04.314460   Prev. Role: Reg/NoAuth

2023-11-28 14:42:04.314470   Current role: Reg/NoAuth

2023-11-28 14:42:04.314478   Prev language: fr

2023-11-28 14:42:04.314486   => Current language: fr

2023-11-28 14:42:04.314494   Prev country: au

2023-11-28 14:42:04.314502   => Current country: au

2023-11-28 14:42:04.314509   => THE END PRECONDITIONS

2023-11-28 14:42:04.314568   1. Arrange_v0
2023-11-28 14:42:04.318349   BUTTON_SELL_IN_CONTENT_BLOCK is located on the page? =>
2023-11-28 14:42:04.327258   => BUTTON_SELL_IN_CONTENT_BLOCK is located on the page!
2023-11-28 14:42:04.327441   Start Checking that form [Sign up] popped up on the page =>
2023-11-28 14:42:04.340234   'Sign up' form opened
2023-11-28 14:42:04.340376   Start step Close [Sign up] form =>
2023-11-28 14:42:04.434062   => 'Signup' form closed

2023-11-28 14:42:04.434346   2. Act_v0
2023-11-28 14:42:04.479719   BUTTON_SELL_IN_CONTENT_BLOCK is present? =>
2023-11-28 14:42:04.479756   => BUTTON_SELL_IN_CONTENT_BLOCK is present on the page!
2023-11-28 14:42:04.479765   BUTTON_SELL_IN_CONTENT_BLOCK scroll =>
2023-11-28 14:42:04.607224   => BUTTON_SELL_IN_CONTENT_BLOCK clicked!

2023-11-28 14:42:04.713061   3. Assert_v0
2023-11-28 14:42:09.239875   'Login' form not opened
2023-11-28 14:42:09.244503   'Login' page not opened
2023-11-28 14:42:12.336688   'Login' form on trading platform not opened
2023-11-28 14:42:12.336947   Start step Check that form [Sign up] opened
2023-11-28 14:42:12.351117   'Sign up' form opened
2023-11-28 14:42:12.351140   Assert SIGNUP_HEADER =>
2023-11-28 14:42:12.363116   Assert SIGNUP_REF_LOGIN =>
2023-11-28 14:42:12.377078   Assert SIGNUP_PRIVACY_POLICY_ALL_2 =>
2023-11-28 14:42:12.388836   => SIGNUP_PRIVACY_POLICY_ALL
2023-11-28 14:42:12.388862   => 'Signup' form is checked
