
2023-11-28 14:29:12.339960   Работает obj <US_11-02-02-01_Shares_trading_test.TestSharesTradingItems object at 0x7f09f3327b90> с именем TC_11.02.02.01_08
{'width': 1280, 'height': 720}

2023-11-28 14:29:12.341498   worker_id = master

2023-11-28 14:29:12.341510   0. Allure grouping


2023-11-28 14:29:12.341658   START PRECONDITIONS =>


2023-11-28 14:29:12.341672   {'width': 1280, 'height': 720}

2023-11-28 14:29:12.342894   Set windows position at (320, 180) =>

2023-11-28 14:29:12.445062   Set resolution 1280 * 720 =>

2023-11-28 14:29:12.546941   => Resolution seted {'width': 1280, 'height': 720}

2023-11-28 14:29:16.589906   Капчи нет. Тестим дальше

2023-11-28 14:29:16.589951   Prev. Role: NoReg

2023-11-28 14:29:16.589961   Current role: NoReg

2023-11-28 14:29:16.589969   Prev language: fr

2023-11-28 14:29:16.589977   => Current language: fr

2023-11-28 14:29:16.589985   Prev country: au

2023-11-28 14:29:16.589993   => Current country: au

2023-11-28 14:29:16.590000   => THE END PRECONDITIONS

2023-11-28 14:29:16.590060   1. Arrange_v0
2023-11-28 14:29:16.593073   BUTTON_CREATE_YOUR_ACCOUNT is located on the page? =>

2023-11-28 14:29:16.602317   2. Act_v0
2023-11-28 14:29:16.760928   => BUTTON_CREATE_YOUR_ACCOUNT is clicked

2023-11-28 14:29:16.761193   3. Assert_v0
2023-11-28 14:29:16.761308   Start step Check that form [Sign up] opened
2023-11-28 14:29:16.774196   'Sign up' form opened
2023-11-28 14:29:16.774223   Assert SIGNUP_HEADER =>
2023-11-28 14:29:16.787323   Assert SIGNUP_REF_LOGIN =>
2023-11-28 14:29:16.799760   Assert SIGNUP_PRIVACY_POLICY_ALL_2 =>
2023-11-28 14:29:16.811748   => SIGNUP_PRIVACY_POLICY_ALL
2023-11-28 14:29:16.811776   => 'Signup' form is checked
2023-11-28 14:29:16.811929   Start step Close [Sign up] form =>
2023-11-28 14:29:16.888457   => 'Signup' form closed
