
2023-11-28 14:35:18.574470   Работает obj <US_11-02-02-01_Shares_trading_test.TestSharesTradingItems object at 0x7f09f32d3190> с именем TC_11.02.02.01_01
{'width': 1280, 'height': 599}

2023-11-28 14:35:18.575917   worker_id = master

2023-11-28 14:35:18.575930   0. Allure grouping


2023-11-28 14:35:18.576074   START PRECONDITIONS =>


2023-11-28 14:35:18.576087   {'width': 1280, 'height': 599}

2023-11-28 14:35:18.577323   Set windows position at (320, 180) =>

2023-11-28 14:35:18.679233   Set resolution 1280 * 720 =>

2023-11-28 14:35:18.781682   => Resolution seted {'width': 1280, 'height': 720}

2023-11-28 14:35:22.831028   Капчи нет. Тестим дальше

2023-11-28 14:35:22.831066   Prev. Role: Auth

2023-11-28 14:35:22.831076   Current role: Auth

2023-11-28 14:35:22.831084   Prev language: fr

2023-11-28 14:35:22.831092   => Current language: fr

2023-11-28 14:35:22.831100   Prev country: au

2023-11-28 14:35:22.831108   => Current country: au

2023-11-28 14:35:22.831115   => THE END PRECONDITIONS

2023-11-28 14:35:22.831171   1. Arrange_v0
2023-11-28 14:35:23.653667   Load page https://capital.com/fr/trading-amazon
2023-11-28 14:35:23.721229   BUTTON_START_TRADING scroll =>
2023-11-28 14:35:24.108146   BUTTON_START_TRADING is visible? =>
2023-11-28 14:35:24.178292   => BUTTON_START_TRADING is visible on the page!

2023-11-28 14:35:24.178446   2. Act_v0
2023-11-28 14:35:24.178460   Start Click button [Start Trading] =>
2023-11-28 14:35:24.188232   BUTTON_START_TRADING is clickable? =>
2023-11-28 14:35:24.205776   BUTTON_START_TRADING click =>
2023-11-28 14:35:24.705153   => BUTTON_START_TRADING clicked

2023-11-28 14:35:24.705414   3. Assert_v4
2023-11-28 14:35:24.705522   Checking that the trading platform page has opened (v4) =>
2023-11-28 14:35:25.271457   => Current page title: Trading Platform | Capital.com
2023-11-28 14:35:25.271581   Checking that the Trading platform LOGO is present on the page =>
2023-11-28 14:35:26.264085   Checking that the Trading platform opened in LIVE mode =>
2023-11-28 14:35:26.282097   => The page with https://capital.com/trading/platform url was opened in lIVE mode
2023-11-28 14:35:27.281063   Load page https://capital.com/fr/trading-amazon
