
2023-11-28 14:40:04.218635   Работает obj <US_11-02-02-01_Shares_trading_test.TestSharesTradingItems object at 0x7f09f3326950> с именем TC_11.02.02.01_08
{'width': 1280, 'height': 7197}

2023-11-28 14:40:04.223030   worker_id = master

2023-11-28 14:40:04.223044   0. Allure grouping


2023-11-28 14:40:04.223205   START PRECONDITIONS =>


2023-11-28 14:40:04.223219   {'width': 1280, 'height': 7197}

2023-11-28 14:40:04.224515   Set windows position at (320, 180) =>

2023-11-28 14:40:04.326728   Set resolution 1280 * 720 =>

2023-11-28 14:40:04.429773   => Resolution seted {'width': 1280, 'height': 720}

2023-11-28 14:40:08.471829   Капчи нет. Тестим дальше

2023-11-28 14:40:08.471875   Prev. Role: Reg/NoAuth

2023-11-28 14:40:08.471885   Current role: Reg/NoAuth

2023-11-28 14:40:08.471893   Prev language: fr

2023-11-28 14:40:08.471901   => Current language: fr

2023-11-28 14:40:08.471909   Prev country: au

2023-11-28 14:40:08.471916   => Current country: au

2023-11-28 14:40:08.471924   => THE END PRECONDITIONS

2023-11-28 14:40:08.471980   1. Arrange_v0
2023-11-28 14:40:08.475194   BUTTON_CREATE_YOUR_ACCOUNT is located on the page? =>

2023-11-28 14:40:08.483427   2. Act_v0
2023-11-28 14:40:08.591547   => BUTTON_CREATE_YOUR_ACCOUNT is clicked

2023-11-28 14:40:08.591788   3. Assert_v0
2023-11-28 14:40:08.591889   Start step Check that form [Sign up] opened
2023-11-28 14:40:08.614551   'Sign up' form opened
2023-11-28 14:40:08.614589   Assert SIGNUP_HEADER =>
2023-11-28 14:40:08.631208   Assert SIGNUP_REF_LOGIN =>
2023-11-28 14:40:08.649905   Assert SIGNUP_PRIVACY_POLICY_ALL_2 =>
2023-11-28 14:40:08.695403   => SIGNUP_PRIVACY_POLICY_ALL
2023-11-28 14:40:08.695443   => 'Signup' form is checked
2023-11-28 14:40:08.695598   Start step Close [Sign up] form =>
2023-11-28 14:40:08.799725   => 'Signup' form closed
